n,k,t,l,r,p,rep,norm,active_count,timestamp,worker
6,6,10.0,1,100000,2,0,1.04065228667881e-11,1,2025-10-25T11:10:16,0
6,6,10.0,1,100000,2,1,8.921044497620677e-12,1,2025-10-25T11:10:16,0
6,6,10.0,1,100000,2,0,3.0939869132995825e-11,1,2025-10-25T11:10:16,2
6,6,10.0,1,100000,2,2,3.8865407846602434e-11,1,2025-10-25T11:10:16,0
6,6,10.0,1,100000,2,0,2.225148202449495e-11,1,2025-10-25T11:10:16,1
6,6,10.0,1,100000,2,0,8.038334889905428e-12,1,2025-10-25T11:10:16,3
6,6,10.0,1,100000,2,1,2.3169944312855808e-11,1,2025-10-25T11:10:16,2
6,6,10.0,1,100000,2,3,2.312207497541218e-12,1,2025-10-25T11:10:16,0
6,6,10.0,1,100000,2,1,5.663867813372395e-11,1,2025-10-25T11:10:16,1
6,6,10.0,1,100000,2,4,2.2169239568433896e-11,1,2025-10-25T11:10:16,0
6,6,10.0,1,100000,2,0,5.160849203720587e-11,1,2025-10-25T11:10:16,4
6,6,10.0,1,100000,2,2,7.799649724629438e-12,1,2025-10-25T11:10:16,2
6,6,10.0,1,100000,2,2,1.0360676788531231e-11,1,2025-10-25T11:10:16,1
6,6,10.0,1,100000,2,1,4.457751020980545e-11,1,2025-10-25T11:10:16,3
6,6,10.0,1,100000,2,0,3.039504594864461e-11,1,2025-10-25T11:10:16,5
6,6,10.0,1,100000,2,3,6.032415228422533e-11,1,2025-10-25T11:10:16,2
6,6,10.0,1,100000,2,2,2.286090563218449e-11,1,2025-10-25T11:10:16,3
6,6,10.0,1,100000,2,1,4.1393923890402805e-12,1,2025-10-25T11:10:16,4
6,6,10.0,1,100000,2,5,1.1259250172765612e-11,1,2025-10-25T11:10:16,0
6,6,10.0,1,100000,2,6,3.80629835773207e-11,1,2025-10-25T11:10:16,0
6,6,10.0,1,100000,2,7,2.8371369768142522e-11,1,2025-10-25T11:10:16,0
6,6,10.0,1,100000,2,1,5.488627291197086e-12,1,2025-10-25T11:10:16,5
6,6,10.0,1,100000,2,0,1.0214083680899002e-11,1,2025-10-25T11:10:16,6
6,6,10.0,1,100000,2,3,5.736924507562579e-12,1,2025-10-25T11:10:16,1
6,6,10.0,1,100000,2,8,1.2598606555704e-11,1,2025-10-25T11:10:16,0
6,6,10.0,1,100000,2,9,3.977741843091584e-11,1,2025-10-25T11:10:16,0
6,6,10.0,1,100000,2,4,1.7128099296624855e-12,1,2025-10-25T11:10:16,2
6,6,10.0,1,100000,2,3,2.2097783626542526e-11,1,2025-10-25T11:10:16,3
6,6,10.0,1,100000,2,5,2.4134898747878576e-11,1,2025-10-25T11:10:16,2
6,6,10.0,1,100000,2,4,1.8873802102915126e-11,1,2025-10-25T11:10:16,1
6,6,10.0,1,100000,2,4,3.3265362082358066e-11,1,2025-10-25T11:10:16,3
6,6,10.0,1,100000,2,6,1.0339062985992698e-11,1,2025-10-25T11:10:16,2
6,6,10.0,1,100000,2,5,2.9872786519508116e-11,1,2025-10-25T11:10:16,1
6,6,10.0,1,100000,2,5,4.422876848393404e-11,1,2025-10-25T11:10:16,3
6,6,10.0,1,100000,2,2,1.9840089505650357e-11,1,2025-10-25T11:10:16,4
6,6,10.0,1,100000,2,7,6.188991037239317e-12,1,2025-10-25T11:10:16,2
6,6,10.0,1,100000,2,6,5.0601196646579326e-11,1,2025-10-25T11:10:16,1
6,6,10.0,1,100000,2,0,9.29925147689134e-12,1,2025-10-25T11:10:16,7
6,6,10.0,1,100000,2,6,8.257721296274791e-12,1,2025-10-25T11:10:16,3
6,6,10.0,1,100000,2,8,2.779708075689521e-11,1,2025-10-25T11:10:16,2
6,6,10.0,1,100000,2,7,8.274808989978597e-12,1,2025-10-25T11:10:16,1
6,6,10.0,1,100000,2,0,1.974761554245421e-11,1,2025-10-25T11:10:16,10
6,6,10.0,1,100000,2,7,1.3678350730369493e-12,1,2025-10-25T11:10:16,3
6,6,10.0,1,100000,2,9,2.177025217410113e-12,1,2025-10-25T11:10:16,2
6,6,10.0,1,100000,2,8,8.993519960526583e-13,1,2025-10-25T11:10:16,1
6,6,10.0,1,100000,2,8,1.4380282866012084e-11,1,2025-10-25T11:10:16,3
6,6,10.0,1,100000,2,3,6.447561050818519e-12,1,2025-10-25T11:10:16,4
6,6,10.0,1,100000,2,0,1.6365734366915985e-11,1,2025-10-25T11:10:16,8
6,6,10.0,1,100000,2,9,2.5083595476527742e-11,1,2025-10-25T11:10:16,1
6,6,10.0,1,100000,2,9,6.849688220573342e-12,1,2025-10-25T11:10:16,3
6,6,10.0,1,100000,2,4,1.0794043992437875e-11,1,2025-10-25T11:10:16,4
6,6,10.0,1,100000,2,5,2.003012138930803e-11,1,2025-10-25T11:10:16,4
6,6,10.0,1,100000,2,0,3.617225909176348e-12,1,2025-10-25T11:10:16,9
6,6,10.0,1,100000,2,1,3.099953706035266e-11,1,2025-10-25T11:10:16,6
6,6,10.0,1,100000,2,2,6.791064311151201e-12,1,2025-10-25T11:10:16,5
6,6,10.0,1,100000,2,6,1.1824587532636711e-11,1,2025-10-25T11:10:16,4
6,6,10.0,1,100000,2,2,2.6414879223845382e-11,1,2025-10-25T11:10:16,6
6,6,10.0,1,100000,2,3,2.3645012383488286e-11,1,2025-10-25T11:10:16,5
6,6,10.0,1,100000,2,7,8.784194335960335e-12,1,2025-10-25T11:10:16,4
6,6,10.0,1,100000,2,3,8.573315964355647e-12,1,2025-10-25T11:10:16,6
6,6,10.0,1,100000,2,4,1.9621576843868646e-11,1,2025-10-25T11:10:16,5
6,6,10.0,1,100000,2,8,1.2638445531768027e-12,1,2025-10-25T11:10:16,4
6,6,10.0,1,100000,2,4,9.734898937155849e-12,1,2025-10-25T11:10:16,6
6,6,10.0,1,100000,2,5,1.0667530797975672e-11,1,2025-10-25T11:10:16,5
6,6,10.0,1,100000,2,9,5.745822184542065e-12,1,2025-10-25T11:10:16,4
6,6,10.0,1,100000,2,5,2.0048144870830674e-12,1,2025-10-25T11:10:16,6
6,6,10.0,1,100000,2,6,5.331092931025292e-12,1,2025-10-25T11:10:16,5
6,6,10.0,1,100000,2,1,5.49850646190438e-13,1,2025-10-25T11:10:16,10
6,6,10.0,1,100000,2,1,3.188835180626091e-11,1,2025-10-25T11:10:16,7
6,6,10.0,1,100000,2,6,1.787096611694113e-12,1,2025-10-25T11:10:16,6
6,6,10.0,1,100000,2,7,4.103829461704587e-11,1,2025-10-25T11:10:16,5
6,6,10.0,1,100000,2,2,9.308916170725187e-12,1,2025-10-25T11:10:16,7
6,6,10.0,1,100000,2,1,8.028049441416741e-12,1,2025-10-25T11:10:16,8
6,6,10.0,1,100000,2,7,3.102164266686996e-11,1,2025-10-25T11:10:16,6
6,6,10.0,1,100000,2,8,2.5509282207476227e-11,1,2025-10-25T11:10:16,5
6,6,10.0,1,100000,2,3,2.5034207167555112e-11,1,2025-10-25T11:10:16,7
6,6,10.0,1,100000,2,2,2.5271960456253256e-11,1,2025-10-25T11:10:16,8
6,6,10.0,1,100000,2,8,5.291347516849443e-13,1,2025-10-25T11:10:16,6
6,6,10.0,1,100000,2,9,2.119915526697292e-11,1,2025-10-25T11:10:16,5
6,6,10.0,1,100000,2,2,2.6098128889118075e-11,1,2025-10-25T11:10:16,10
6,6,10.0,1,100000,2,4,1.5139309953409118e-11,1,2025-10-25T11:10:16,7
6,6,10.0,1,100000,2,1,3.064793790433337e-11,1,2025-10-25T11:10:16,9
6,6,10.0,1,100000,2,3,7.77057539740841e-12,1,2025-10-25T11:10:16,8
6,6,10.0,1,100000,2,9,1.1940937221464664e-11,1,2025-10-25T11:10:16,6
6,6,10.0,1,100000,2,3,2.527243034840503e-11,1,2025-10-25T11:10:16,10
6,6,10.0,1,100000,2,5,5.453245912727686e-12,1,2025-10-25T11:10:16,7
6,6,10.0,1,100000,2,2,2.136970643004385e-12,1,2025-10-25T11:10:16,9
6,6,10.0,1,100000,2,4,3.553620873207198e-11,1,2025-10-25T11:10:16,8
6,6,10.0,1,100000,2,4,1.9159614396093435e-12,1,2025-10-25T11:10:16,10
6,6,10.0,1,100000,2,6,1.0105219605880296e-11,1,2025-10-25T11:10:16,7
6,6,10.0,1,100000,2,3,1.017234700843849e-11,1,2025-10-25T11:10:16,9
6,6,10.0,1,100000,2,5,3.830322534676237e-11,1,2025-10-25T11:10:16,8
6,6,10.0,1,100000,2,5,1.707759710103596e-12,1,2025-10-25T11:10:16,10
6,6,10.0,1,100000,2,7,2.366711562657357e-12,1,2025-10-25T11:10:16,7
6,6,10.0,1,100000,2,6,2.51293930530954e-11,1,2025-10-25T11:10:16,8
6,6,10.0,1,100000,2,4,1.107762668943872e-11,1,2025-10-25T11:10:16,9
6,6,10.0,1,100000,2,6,3.1387133277775804e-12,1,2025-10-25T11:10:16,10
6,6,10.0,1,100000,2,8,2.5344816988104818e-11,1,2025-10-25T11:10:16,7
6,6,10.0,1,100000,2,7,6.114345003785239e-12,1,2025-10-25T11:10:16,8
6,6,10.0,1,100000,2,5,2.4678734889596332e-11,1,2025-10-25T11:10:16,9
6,6,10.0,1,100000,2,7,5.7252333429060314e-11,1,2025-10-25T11:10:16,10
6,6,10.0,1,100000,2,9,3.085954004370405e-11,1,2025-10-25T11:10:16,7
6,6,10.0,1,100000,2,8,1.2382677944475227e-11,1,2025-10-25T11:10:16,8
6,6,10.0,1,100000,2,6,1.9004782242839235e-11,1,2025-10-25T11:10:16,9
6,6,10.0,1,100000,2,8,4.313064880415409e-12,1,2025-10-25T11:10:16,10
6,6,10.0,1,100000,2,9,6.369542541333255e-12,1,2025-10-25T11:10:16,8
6,6,10.0,1,100000,2,7,4.977788078216375e-12,1,2025-10-25T11:10:16,9
6,6,10.0,1,100000,2,9,8.955333628005625e-12,1,2025-10-25T11:10:16,10
6,6,10.0,1,100000,2,8,2.1544838787530765e-12,1,2025-10-25T11:10:16,9
6,6,10.0,1,100000,2,9,4.2431169293941344e-11,1,2025-10-25T11:10:16,9
8,6,10.0,1,100000,2,0,3.310129622230281e-07,6,2025-10-25T11:10:16,5
8,6,10.0,1,100000,2,0,1.3475143702114042e-07,8,2025-10-25T11:10:16,8
8,6,10.0,1,100000,2,0,6.550244221097878e-07,7,2025-10-25T11:10:16,2
8,6,10.0,1,100000,2,0,5.065712401185278e-07,7,2025-10-25T11:10:16,0
8,6,10.0,1,100000,2,0,2.79754277062733e-07,8,2025-10-25T11:10:16,1
8,6,10.0,1,100000,2,0,4.890076112700109e-07,7,2025-10-25T11:10:16,3
8,6,10.0,1,100000,2,0,2.3774799146997556e-07,8,2025-10-25T11:10:16,4
8,6,10.0,1,100000,2,0,8.217640207469159e-07,10,2025-10-25T11:10:16,10
8,6,10.0,1,100000,2,0,8.862279609983637e-07,8,2025-10-25T11:10:16,7
8,6,10.0,1,100000,2,0,2.883753086240442e-07,8,2025-10-25T11:10:16,9
8,6,10.0,1,100000,2,0,4.6772822089908436e-07,10,2025-10-25T11:10:16,6
8,6,10.0,1,100000,2,1,3.5787158608450726e-07,7,2025-10-25T11:10:16,5
8,6,10.0,1,100000,2,1,4.0634078557785097e-07,5,2025-10-25T11:10:16,2
8,6,10.0,1,100000,2,1,8.92416375680893e-07,10,2025-10-25T11:10:16,4
8,6,10.0,1,100000,2,1,3.0975650270120405e-07,6,2025-10-25T11:10:16,8
8,6,10.0,1,100000,2,1,5.3733108756271154e-08,6,2025-10-25T11:10:16,0
8,6,10.0,1,100000,2,1,4.0946762974374215e-07,7,2025-10-25T11:10:16,9
8,6,10.0,1,100000,2,1,4.226445084397318e-08,5,2025-10-25T11:10:16,3
8,6,10.0,1,100000,2,1,5.004638530099148e-07,10,2025-10-25T11:10:16,10
8,6,10.0,1,100000,2,2,8.383374758555412e-07,7,2025-10-25T11:10:16,5
8,6,10.0,1,100000,2,1,9.711240024147536e-07,7,2025-10-25T11:10:16,1
8,6,10.0,1,100000,2,1,5.244991990035649e-07,13,2025-10-25T11:10:16,7
8,6,10.0,1,100000,2,1,3.967478237470236e-07,10,2025-10-25T11:10:16,6
8,6,10.0,1,100000,2,2,6.48269417342463e-07,10,2025-10-25T11:10:16,2
8,6,10.0,1,100000,2,2,2.8807460018988856e-08,5,2025-10-25T11:10:16,8
8,6,10.0,1,100000,2,2,2.2815670497796228e-07,4,2025-10-25T11:10:16,0
8,6,10.0,1,100000,2,2,3.780087256798131e-07,10,2025-10-25T11:10:16,4
8,6,10.0,1,100000,2,2,9.784397492273478e-08,7,2025-10-25T11:10:16,9
8,6,10.0,1,100000,2,2,1.698969121304561e-07,3,2025-10-25T11:10:16,1
8,6,10.0,1,100000,2,2,2.9993287258088805e-07,6,2025-10-25T11:10:16,3
8,6,10.0,1,100000,2,3,5.039301255689676e-07,6,2025-10-25T11:10:16,8
8,6,10.0,1,100000,2,2,1.8611370438229229e-07,7,2025-10-25T11:10:16,7
8,6,10.0,1,100000,2,2,4.998039874378378e-07,13,2025-10-25T11:10:16,10
8,6,10.0,1,100000,2,3,1.068848141842838e-06,12,2025-10-25T11:10:16,0
8,6,10.0,1,100000,2,3,4.1496425237921943e-07,10,2025-10-25T11:10:16,5
8,6,10.0,1,100000,2,2,2.393584688333019e-07,10,2025-10-25T11:10:16,6
8,6,10.0,1,100000,2,3,3.546612983754086e-07,7,2025-10-25T11:10:16,9
8,6,10.0,1,100000,2,3,4.804668237499116e-07,9,2025-10-25T11:10:16,2
8,6,10.0,1,100000,2,4,3.3390569808851136e-07,7,2025-10-25T11:10:16,8
8,6,10.0,1,100000,2,3,2.1180336505915592e-07,9,2025-10-25T11:10:16,1
8,6,10.0,1,100000,2,3,6.681253919268592e-07,7,2025-10-25T11:10:16,7
8,6,10.0,1,100000,2,4,9.653611784657403e-08,6,2025-10-25T11:10:16,9
8,6,10.0,1,100000,2,3,4.74499617310374e-07,7,2025-10-25T11:10:16,10
8,6,10.0,1,100000,2,3,5.874490823776075e-07,8,2025-10-25T11:10:16,6
8,6,10.0,1,100000,2,4,1.0805442114560826e-07,8,2025-10-25T11:10:16,2
8,6,10.0,1,100000,2,4,6.850423071755133e-07,9,2025-10-25T11:10:16,0
8,6,10.0,1,100000,2,3,1.0601820267405336e-06,15,2025-10-25T11:10:16,3
8,6,10.0,1,100000,2,3,5.990605284961658e-07,9,2025-10-25T11:10:16,4
8,6,10.0,1,100000,2,4,2.6593726724151625e-07,5,2025-10-25T11:10:16,3
8,6,10.0,1,100000,2,4,3.6636635289772604e-07,7,2025-10-25T11:10:16,10
8,6,10.0,1,100000,2,5,9.20198923728203e-08,4,2025-10-25T11:10:16,8
8,6,10.0,1,100000,2,4,3.0572750987653096e-07,13,2025-10-25T11:10:16,1
8,6,10.0,1,100000,2,4,4.3366818248851467e-07,11,2025-10-25T11:10:16,5
8,6,10.0,1,100000,2,4,5.34783475595202e-08,4,2025-10-25T11:10:16,6
8,6,10.0,1,100000,2,5,2.329793740356502e-07,6,2025-10-25T11:10:16,0
8,6,10.0,1,100000,2,4,1.3520788691875807e-07,6,2025-10-25T11:10:16,4
8,6,10.0,1,100000,2,4,5.437343226295757e-07,11,2025-10-25T11:10:16,7
8,6,10.0,1,100000,2,5,4.672354080148178e-07,6,2025-10-25T11:10:16,3
8,6,10.0,1,100000,2,5,4.665631082944634e-07,9,2025-10-25T11:10:16,2
8,6,10.0,1,100000,2,5,7.069124656592553e-07,11,2025-10-25T11:10:16,9
8,6,10.0,1,100000,2,5,1.0783076501091809e-07,7,2025-10-25T11:10:16,1
8,6,10.0,1,100000,2,5,3.699082316113722e-07,10,2025-10-25T11:10:16,10
8,6,10.0,1,100000,2,5,1.3115493528668972e-07,9,2025-10-25T11:10:16,5
8,6,10.0,1,100000,2,6,3.8314233884980607e-07,7,2025-10-25T11:10:16,0
8,6,10.0,1,100000,2,6,3.03835483257761e-07,11,2025-10-25T11:10:16,8
8,6,10.0,1,100000,2,5,1.820420809831023e-07,6,2025-10-25T11:10:16,7
8,6,10.0,1,100000,2,6,2.6297683363936073e-07,7,2025-10-25T11:10:16,3
8,6,10.0,1,100000,2,5,7.090664669867695e-07,7,2025-10-25T11:10:16,4
8,6,10.0,1,100000,2,5,6.301207887128823e-07,11,2025-10-25T11:10:16,6
8,6,10.0,1,100000,2,6,5.831191352922584e-07,8,2025-10-25T11:10:16,1
8,6,10.0,1,100000,2,6,5.111435820502732e-07,10,2025-10-25T11:10:16,9
8,6,10.0,1,100000,2,7,2.3720849847638218e-07,6,2025-10-25T11:10:16,9
8,6,10.0,1,100000,2,8,2.0851963229744595e-07,4,2025-10-25T11:10:16,9
8,6,10.0,1,100000,2,7,3.058828932505688e-07,9,2025-10-25T11:10:16,0
8,6,10.0,1,100000,2,6,3.2990684174497866e-07,12,2025-10-25T11:10:16,5
8,6,10.0,1,100000,2,7,5.045711688340656e-07,11,2025-10-25T11:10:16,8
8,6,10.0,1,100000,2,9,1.6741305222762589e-07,5,2025-10-25T11:10:16,9
8,6,10.0,1,100000,2,8,2.2953575457327696e-07,8,2025-10-25T11:10:16,0
8,6,10.0,1,100000,2,6,3.83060524221612e-07,7,2025-10-25T11:10:16,4
8,6,10.0,1,100000,2,6,5.45549641429691e-07,9,2025-10-25T11:10:16,10
8,6,10.0,1,100000,2,7,1.5492332780266858e-07,7,2025-10-25T11:10:16,3
8,6,10.0,1,100000,2,9,3.06610239431731e-07,8,2025-10-25T11:10:16,0
8,6,10.0,1,100000,2,6,4.0482232172014317e-07,11,2025-10-25T11:10:16,7
8,6,10.0,1,100000,2,7,7.735066472024729e-07,9,2025-10-25T11:10:16,5
8,6,10.0,1,100000,2,6,5.386436958175552e-07,12,2025-10-25T11:10:16,6
8,6,10.0,1,100000,2,8,4.3470840515147516e-07,6,2025-10-25T11:10:16,8
8,6,10.0,1,100000,2,6,6.069565367119871e-07,14,2025-10-25T11:10:16,2
8,6,10.0,1,100000,2,7,2.0718805344662731e-07,8,2025-10-25T11:10:16,4
8,6,10.0,1,100000,2,9,8.13445086138023e-07,9,2025-10-25T11:10:16,8
8,6,10.0,1,100000,2,8,4.768858158478739e-07,8,2025-10-25T11:10:16,3
8,6,10.0,1,100000,2,7,9.75740116570344e-07,13,2025-10-25T11:10:16,1
8,6,10.0,1,100000,2,9,2.0237867626635836e-07,9,2025-10-25T11:10:16,3
8,6,10.0,1,100000,2,7,3.9812370795236067e-07,10,2025-10-25T11:10:16,10
8,6,10.0,1,100000,2,7,3.8032459939690097e-07,7,2025-10-25T11:10:16,7
8,6,10.0,1,100000,2,8,3.8134699935292584e-07,10,2025-10-25T11:10:16,4
8,6,10.0,1,100000,2,7,1.0590368289477267e-06,12,2025-10-25T11:10:16,2
8,6,10.0,1,100000,2,8,5.513283418331148e-07,4,2025-10-25T11:10:16,1
8,6,10.0,1,100000,2,8,2.566535763024894e-07,6,2025-10-25T11:10:16,7
8,6,10.0,1,100000,2,7,4.285270000520269e-07,10,2025-10-25T11:10:16,6
8,6,10.0,1,100000,2,8,1.2445368906778346e-06,12,2025-10-25T11:10:16,10
8,6,10.0,1,100000,2,8,6.889999820640593e-07,10,2025-10-25T11:10:16,5
8,6,10.0,1,100000,2,9,2.3063162322695536e-07,9,2025-10-25T11:10:16,7
8,6,10.0,1,100000,2,9,5.744039675123239e-07,10,2025-10-25T11:10:16,1
8,6,10.0,1,100000,2,9,3.607233951686846e-07,8,2025-10-25T11:10:16,10
8,6,10.0,1,100000,2,8,4.284770902231615e-07,10,2025-10-25T11:10:16,2
8,6,10.0,1,100000,2,9,5.121400526220168e-07,8,2025-10-25T11:10:16,4
8,6,10.0,1,100000,2,8,5.014015996010979e-07,11,2025-10-25T11:10:16,6
8,6,10.0,1,100000,2,9,7.354636532964793e-07,9,2025-10-25T11:10:16,5
8,6,10.0,1,100000,2,9,5.592672839973199e-07,10,2025-10-25T11:10:16,2
8,6,10.0,1,100000,2,9,1.702956751719431e-07,6,2025-10-25T11:10:16,6
10,6,10.0,1,100000,2,0,1.0519757900280505e-06,4,2025-10-25T11:10:17,3
10,6,10.0,1,100000,2,0,9.84565091695744e-07,6,2025-10-25T11:10:17,10
10,6,10.0,1,100000,2,0,5.329271655144687e-07,8,2025-10-25T11:10:17,6
10,6,10.0,1,100000,2,0,4.5521505919244916e-07,10,2025-10-25T11:10:17,9
10,6,10.0,1,100000,2,0,6.487654102583375e-07,10,2025-10-25T11:10:17,2
10,6,10.0,1,100000,2,0,1.0389631392905928e-06,9,2025-10-25T11:10:17,1
10,6,10.0,1,100000,2,0,1.6557623035701468e-06,12,2025-10-25T11:10:17,8
10,6,10.0,1,100000,2,0,2.297757040594342e-06,10,2025-10-25T11:10:17,5
10,6,10.0,1,100000,2,0,9.523112018346709e-07,10,2025-10-25T11:10:17,7
10,6,10.0,1,100000,2,1,7.749564545173035e-07,5,2025-10-25T11:10:17,10
10,6,10.0,1,100000,2,0,3.859663067723575e-06,12,2025-10-25T11:10:17,0
10,6,10.0,1,100000,2,0,1.256982683456671e-06,14,2025-10-25T11:10:17,4
10,6,10.0,1,100000,2,1,1.1037306123486695e-06,12,2025-10-25T11:10:17,6
10,6,10.0,1,100000,2,1,2.5659642758258065e-06,10,2025-10-25T11:10:17,1
10,6,10.0,1,100000,2,1,3.508196388225127e-06,16,2025-10-25T11:10:17,3
10,6,10.0,1,100000,2,1,1.5547253441215432e-06,10,2025-10-25T11:10:17,9
10,6,10.0,1,100000,2,1,1.2777083397147515e-06,11,2025-10-25T11:10:17,2
10,6,10.0,1,100000,2,1,1.3912852927062107e-06,6,2025-10-25T11:10:17,4
10,6,10.0,1,100000,2,2,1.2090557988507334e-06,9,2025-10-25T11:10:17,10
10,6,10.0,1,100000,2,2,1.4004760773896093e-07,4,2025-10-25T11:10:17,6
10,6,10.0,1,100000,2,1,2.8366101739265825e-06,13,2025-10-25T11:10:17,5
10,6,10.0,1,100000,2,1,3.139039917113991e-06,11,2025-10-25T11:10:17,7
10,6,10.0,1,100000,2,1,9.612725912851344e-07,10,2025-10-25T11:10:17,0
10,6,10.0,1,100000,2,2,4.196946260036619e-08,5,2025-10-25T11:10:17,1
10,6,10.0,1,100000,2,2,3.760360329187681e-07,6,2025-10-25T11:10:17,2
10,6,10.0,1,100000,2,1,1.4791780935424488e-06,17,2025-10-25T11:10:17,8
10,6,10.0,1,100000,2,3,1.3236562278067945e-06,6,2025-10-25T11:10:17,10
10,6,10.0,1,100000,2,2,6.553572020038618e-07,8,2025-10-25T11:10:17,4
10,6,10.0,1,100000,2,2,3.977520084063282e-07,8,2025-10-25T11:10:17,9
10,6,10.0,1,100000,2,2,6.742558642680477e-07,7,2025-10-25T11:10:17,7
10,6,10.0,1,100000,2,2,1.2317210878877398e-06,11,2025-10-25T11:10:17,3
10,6,10.0,1,100000,2,3,2.234939139720911e-06,7,2025-10-25T11:10:17,1
10,6,10.0,1,100000,2,3,6.925297910211992e-07,5,2025-10-25T11:10:17,3
10,6,10.0,1,100000,2,2,2.7271024782883516e-06,14,2025-10-25T11:10:17,5
10,6,10.0,1,100000,2,4,1.8512606327478498e-07,7,2025-10-25T11:10:17,10
10,6,10.0,1,100000,2,3,5.363601908673942e-07,7,2025-10-25T11:10:17,7
10,6,10.0,1,100000,2,3,2.32844603473359e-06,11,2025-10-25T11:10:17,2
10,6,10.0,1,100000,2,2,2.4574314795098286e-06,13,2025-10-25T11:10:17,0
10,6,10.0,1,100000,2,2,2.116289688414597e-06,13,2025-10-25T11:10:17,8
10,6,10.0,1,100000,2,3,5.554546014974569e-07,4,2025-10-25T11:10:17,5
10,6,10.0,1,100000,2,3,1.0533532738651027e-06,12,2025-10-25T11:10:17,4
10,6,10.0,1,100000,2,3,1.2003860412114803e-06,10,2025-10-25T11:10:17,9
10,6,10.0,1,100000,2,3,3.2346751497773354e-06,21,2025-10-25T11:10:17,6
10,6,10.0,1,100000,2,5,2.201190790104255e-06,10,2025-10-25T11:10:17,10
10,6,10.0,1,100000,2,4,2.6019724238530548e-08,4,2025-10-25T11:10:17,2
10,6,10.0,1,100000,2,4,2.4329430898697427e-06,15,2025-10-25T11:10:17,1
10,6,10.0,1,100000,2,3,2.8332029225303714e-07,5,2025-10-25T11:10:17,8
10,6,10.0,1,100000,2,3,1.3569647472494042e-06,6,2025-10-25T11:10:17,0
10,6,10.0,1,100000,2,4,9.30341777706354e-07,11,2025-10-25T11:10:17,7
10,6,10.0,1,100000,2,5,5.977411332962534e-07,7,2025-10-25T11:10:17,1
10,6,10.0,1,100000,2,4,8.00852302978088e-07,9,2025-10-25T11:10:17,4
10,6,10.0,1,100000,2,4,2.9748552303973212e-06,14,2025-10-25T11:10:17,3
10,6,10.0,1,100000,2,5,3.6847850789583916e-08,3,2025-10-25T11:10:17,7
10,6,10.0,1,100000,2,4,2.0509797045396324e-06,10,2025-10-25T11:10:17,6
10,6,10.0,1,100000,2,4,1.3169863176341614e-07,5,2025-10-25T11:10:17,0
10,6,10.0,1,100000,2,6,1.4867122524828834e-06,9,2025-10-25T11:10:17,10
10,6,10.0,1,100000,2,4,2.040340086383825e-06,15,2025-10-25T11:10:17,9
10,6,10.0,1,100000,2,4,1.6754048307197108e-06,12,2025-10-25T11:10:17,5
10,6,10.0,1,100000,2,5,1.3622263659214796e-06,11,2025-10-25T11:10:17,2
10,6,10.0,1,100000,2,4,1.680932812212141e-06,10,2025-10-25T11:10:17,8
10,6,10.0,1,100000,2,6,9.269631415904554e-07,8,2025-10-25T11:10:17,7
10,6,10.0,1,100000,2,5,1.2607000367261196e-06,9,2025-10-25T11:10:17,4
10,6,10.0,1,100000,2,6,1.0395380482328313e-06,11,2025-10-25T11:10:17,1
10,6,10.0,1,100000,2,5,1.0003759169609172e-06,9,2025-10-25T11:10:17,0
10,6,10.0,1,100000,2,5,5.860732289604484e-07,9,2025-10-25T11:10:17,9
10,6,10.0,1,100000,2,5,1.9206850958864055e-06,11,2025-10-25T11:10:17,3
10,6,10.0,1,100000,2,7,8.992720895593587e-07,11,2025-10-25T11:10:17,10
10,6,10.0,1,100000,2,5,9.738661547957165e-07,10,2025-10-25T11:10:17,5
10,6,10.0,1,100000,2,6,1.3882108999976919e-06,13,2025-10-25T11:10:17,2
10,6,10.0,1,100000,2,5,2.032595059193436e-06,11,2025-10-25T11:10:17,8
10,6,10.0,1,100000,2,5,1.9899607246634066e-06,16,2025-10-25T11:10:17,6
10,6,10.0,1,100000,2,6,1.14122910061127e-06,9,2025-10-25T11:10:17,9
10,6,10.0,1,100000,2,6,1.122422648937638e-06,9,2025-10-25T11:10:17,4
10,6,10.0,1,100000,2,6,1.4529550408941801e-06,9,2025-10-25T11:10:17,5
10,6,10.0,1,100000,2,7,1.2267331267589385e-06,8,2025-10-25T11:10:17,2
10,6,10.0,1,100000,2,7,7.801577160027705e-07,11,2025-10-25T11:10:17,1
10,6,10.0,1,100000,2,7,2.2217946042445392e-06,15,2025-10-25T11:10:17,7
10,6,10.0,1,100000,2,8,2.6139656148437637e-06,11,2025-10-25T11:10:17,10
10,6,10.0,1,100000,2,6,9.539471216972966e-07,10,2025-10-25T11:10:17,6
10,6,10.0,1,100000,2,6,1.195460120629835e-06,10,2025-10-25T11:10:17,8
10,6,10.0,1,100000,2,6,3.7996150393562735e-06,15,2025-10-25T11:10:17,3
10,6,10.0,1,100000,2,7,1.193368970941569e-06,8,2025-10-25T11:10:17,4
10,6,10.0,1,100000,2,6,4.4964256724158345e-06,17,2025-10-25T11:10:17,0
10,6,10.0,1,100000,2,7,1.4635642175034634e-06,10,2025-10-25T11:10:17,5
10,6,10.0,1,100000,2,7,1.0998633280542281e-06,9,2025-10-25T11:10:17,9
10,6,10.0,1,100000,2,8,9.06266337129326e-07,10,2025-10-25T11:10:17,2
10,6,10.0,1,100000,2,7,3.005145192807798e-07,6,2025-10-25T11:10:17,6
10,6,10.0,1,100000,2,8,4.708176859821457e-07,5,2025-10-25T11:10:17,4
10,6,10.0,1,100000,2,9,2.1553120494535183e-06,9,2025-10-25T11:10:17,10
10,6,10.0,1,100000,2,8,7.121593115694397e-07,9,2025-10-25T11:10:17,7
10,6,10.0,1,100000,2,7,3.264108554639347e-06,8,2025-10-25T11:10:17,8
10,6,10.0,1,100000,2,8,1.8112150063917266e-06,13,2025-10-25T11:10:17,1
10,6,10.0,1,100000,2,8,1.647705033287234e-06,6,2025-10-25T11:10:17,5
10,6,10.0,1,100000,2,7,4.858223645614518e-07,9,2025-10-25T11:10:17,3
10,6,10.0,1,100000,2,7,8.428927345784173e-07,10,2025-10-25T11:10:17,0
10,6,10.0,1,100000,2,9,1.744048588733585e-06,11,2025-10-25T11:10:17,2
10,6,10.0,1,100000,2,9,1.0589780206524242e-06,10,2025-10-25T11:10:17,7
10,6,10.0,1,100000,2,9,2.768314540135413e-06,13,2025-10-25T11:10:17,4
10,6,10.0,1,100000,2,8,6.027233839998299e-07,11,2025-10-25T11:10:17,9
10,6,10.0,1,100000,2,9,2.2120585034093468e-06,9,2025-10-25T11:10:17,5
10,6,10.0,1,100000,2,8,1.8374058578324546e-06,10,2025-10-25T11:10:17,8
10,6,10.0,1,100000,2,8,7.881443945132724e-07,7,2025-10-25T11:10:17,3
10,6,10.0,1,100000,2,8,9.111466848419463e-07,11,2025-10-25T11:10:17,0
10,6,10.0,1,100000,2,8,1.6402543893079414e-06,12,2025-10-25T11:10:17,6
10,6,10.0,1,100000,2,9,2.943344085603177e-06,16,2025-10-25T11:10:17,1
10,6,10.0,1,100000,2,9,2.3114725243019966e-07,5,2025-10-25T11:10:17,3
10,6,10.0,1,100000,2,9,1.6842302153961867e-06,11,2025-10-25T11:10:17,8
10,6,10.0,1,100000,2,9,9.141589535940617e-07,8,2025-10-25T11:10:17,9
10,6,10.0,1,100000,2,9,9.99990212452709e-07,9,2025-10-25T11:10:17,6
10,6,10.0,1,100000,2,9,2.9516119114401932e-06,15,2025-10-25T11:10:17,0
12,6,10.0,1,100000,2,0,1.483584241573593e-06,8,2025-10-25T11:10:17,6
12,6,10.0,1,100000,2,0,2.9255987068761105e-06,7,2025-10-25T11:10:17,4
12,6,10.0,1,100000,2,0,1.889302356671978e-06,12,2025-10-25T11:10:17,8
12,6,10.0,1,100000,2,0,3.905676309957508e-06,15,2025-10-25T11:10:17,7
12,6,10.0,1,100000,2,0,3.714965124783778e-06,10,2025-10-25T11:10:17,10
12,6,10.0,1,100000,2,0,3.70834745198318e-06,13,2025-10-25T11:10:17,2
12,6,10.0,1,100000,2,0,4.915029434885045e-06,15,2025-10-25T11:10:17,3
12,6,10.0,1,100000,2,0,3.1993906809733127e-06,12,2025-10-25T11:10:17,5
12,6,10.0,1,100000,2,0,1.285387744248172e-06,8,2025-10-25T11:10:17,0
12,6,10.0,1,100000,2,0,5.0738414057419e-07,7,2025-10-25T11:10:17,1
12,6,10.0,1,100000,2,1,3.082198389401954e-06,8,2025-10-25T11:10:17,4
12,6,10.0,1,100000,2,1,1.6442066020296727e-06,7,2025-10-25T11:10:17,10
12,6,10.0,1,100000,2,0,4.976481411648275e-06,13,2025-10-25T11:10:18,9
12,6,10.0,1,100000,2,1,3.335699889687639e-06,11,2025-10-25T11:10:18,6
12,6,10.0,1,100000,2,1,4.053565818793008e-06,11,2025-10-25T11:10:18,7
12,6,10.0,1,100000,2,1,4.556475502265087e-06,14,2025-10-25T11:10:18,8
12,6,10.0,1,100000,2,1,1.5751859206510923e-06,7,2025-10-25T11:10:18,9
12,6,10.0,1,100000,2,1,1.4213529921449858e-06,11,2025-10-25T11:10:18,0
12,6,10.0,1,100000,2,2,8.575792399238644e-07,7,2025-10-25T11:10:18,4
12,6,10.0,1,100000,2,1,4.97373504794183e-06,11,2025-10-25T11:10:18,1
12,6,10.0,1,100000,2,1,3.6451096415740874e-06,13,2025-10-25T11:10:18,2
12,6,10.0,1,100000,2,2,3.5175967163535595e-06,11,2025-10-25T11:10:18,10
12,6,10.0,1,100000,2,1,6.859158590071587e-06,15,2025-10-25T11:10:18,3
12,6,10.0,1,100000,2,1,6.553688339721779e-06,17,2025-10-25T11:10:18,5
12,6,10.0,1,100000,2,2,6.91281979751897e-06,11,2025-10-25T11:10:18,6
12,6,10.0,1,100000,2,2,6.282743260803238e-07,5,2025-10-25T11:10:18,0
12,6,10.0,1,100000,2,2,3.5967955268627667e-06,11,2025-10-25T11:10:18,8
12,6,10.0,1,100000,2,2,1.9508302006766077e-06,7,2025-10-25T11:10:18,1
12,6,10.0,1,100000,2,2,1.6605538909171015e-06,7,2025-10-25T11:10:18,2
12,6,10.0,1,100000,2,2,4.525278434323762e-06,16,2025-10-25T11:10:18,7
12,6,10.0,1,100000,2,2,2.6808522631155105e-06,8,2025-10-25T11:10:18,5
12,6,10.0,1,100000,2,3,9.177791348132267e-06,9,2025-10-25T11:10:18,6
12,6,10.0,1,100000,2,3,3.2961050479461153e-06,12,2025-10-25T11:10:18,10
12,6,10.0,1,100000,2,3,3.21468001666774e-06,9,2025-10-25T11:10:18,0
12,6,10.0,1,100000,2,2,5.8309500520329015e-06,15,2025-10-25T11:10:18,9
12,6,10.0,1,100000,2,2,5.416082787697316e-06,13,2025-10-25T11:10:18,3
12,6,10.0,1,100000,2,3,5.340934643547023e-06,19,2025-10-25T11:10:18,4
12,6,10.0,1,100000,2,3,1.8324574467365617e-06,11,2025-10-25T11:10:18,2
12,6,10.0,1,100000,2,3,4.987161611760275e-06,13,2025-10-25T11:10:18,1
12,6,10.0,1,100000,2,4,3.053375152825606e-06,6,2025-10-25T11:10:18,10
12,6,10.0,1,100000,2,3,5.01020573239997e-06,16,2025-10-25T11:10:18,8
12,6,10.0,1,100000,2,3,1.4928031990907748e-06,9,2025-10-25T11:10:18,9
12,6,10.0,1,100000,2,4,6.9534590744055644e-06,13,2025-10-25T11:10:18,6
12,6,10.0,1,100000,2,4,1.6778044067442082e-06,11,2025-10-25T11:10:18,0
12,6,10.0,1,100000,2,3,1.9094212302312472e-06,18,2025-10-25T11:10:18,7
12,6,10.0,1,100000,2,3,8.414105839399806e-06,16,2025-10-25T11:10:18,5
12,6,10.0,1,100000,2,4,4.415290053174653e-06,10,2025-10-25T11:10:18,1
12,6,10.0,1,100000,2,3,3.195609107816007e-06,14,2025-10-25T11:10:18,3
12,6,10.0,1,100000,2,4,2.1361073817936645e-06,11,2025-10-25T11:10:18,4
12,6,10.0,1,100000,2,4,5.9054872974658194e-06,13,2025-10-25T11:10:18,2
12,6,10.0,1,100000,2,5,9.057809304186041e-07,8,2025-10-25T11:10:18,6
12,6,10.0,1,100000,2,4,6.828532266576122e-06,13,2025-10-25T11:10:18,8
12,6,10.0,1,100000,2,5,2.9639668103710826e-06,16,2025-10-25T11:10:18,10
12,6,10.0,1,100000,2,4,9.036043751281282e-07,12,2025-10-25T11:10:18,7
12,6,10.0,1,100000,2,5,4.566236026986505e-06,11,2025-10-25T11:10:18,0
12,6,10.0,1,100000,2,4,2.704384319566851e-06,9,2025-10-25T11:10:18,3
12,6,10.0,1,100000,2,4,6.15531890555373e-06,14,2025-10-25T11:10:18,9
12,6,10.0,1,100000,2,5,3.877304511360797e-06,12,2025-10-25T11:10:18,4
12,6,10.0,1,100000,2,5,5.139638951466914e-06,15,2025-10-25T11:10:18,1
12,6,10.0,1,100000,2,6,2.4967351419204754e-06,10,2025-10-25T11:10:18,6
12,6,10.0,1,100000,2,5,4.290117170096585e-06,13,2025-10-25T11:10:18,2
12,6,10.0,1,100000,2,4,4.164557078441246e-06,14,2025-10-25T11:10:18,5
12,6,10.0,1,100000,2,5,2.6443442131611756e-06,5,2025-10-25T11:10:18,3
12,6,10.0,1,100000,2,6,7.768984188977453e-07,10,2025-10-25T11:10:18,0
12,6,10.0,1,100000,2,6,3.8212307828600374e-06,13,2025-10-25T11:10:18,10
12,6,10.0,1,100000,2,5,2.7189759797646386e-06,13,2025-10-25T11:10:18,7
12,6,10.0,1,100000,2,5,3.424897866583724e-06,11,2025-10-25T11:10:18,9
12,6,10.0,1,100000,2,5,1.0870025907681571e-05,16,2025-10-25T11:10:18,8
12,6,10.0,1,100000,2,6,3.5463050516465424e-06,10,2025-10-25T11:10:18,1
12,6,10.0,1,100000,2,6,3.3656695999397515e-06,10,2025-10-25T11:10:18,2
12,6,10.0,1,100000,2,5,2.5280182504318573e-06,10,2025-10-25T11:10:18,5
12,6,10.0,1,100000,2,7,7.993390505795434e-06,12,2025-10-25T11:10:18,0
12,6,10.0,1,100000,2,7,2.9156203833033644e-06,15,2025-10-25T11:10:18,6
12,6,10.0,1,100000,2,6,3.7887210389067883e-06,16,2025-10-25T11:10:18,4
12,6,10.0,1,100000,2,6,5.8050173631894125e-06,18,2025-10-25T11:10:18,3
12,6,10.0,1,100000,2,7,6.3159714927127804e-06,14,2025-10-25T11:10:18,10
12,6,10.0,1,100000,2,6,3.458358351640656e-06,14,2025-10-25T11:10:18,9
12,6,10.0,1,100000,2,6,3.961479877027956e-06,11,2025-10-25T11:10:18,8
12,6,10.0,1,100000,2,6,3.3326999124443446e-06,16,2025-10-25T11:10:18,7
12,6,10.0,1,100000,2,7,4.730205371338683e-06,15,2025-10-25T11:10:18,1
12,6,10.0,1,100000,2,7,4.367448523399484e-07,6,2025-10-25T11:10:18,4
12,6,10.0,1,100000,2,7,3.255360812215097e-06,14,2025-10-25T11:10:18,2
12,6,10.0,1,100000,2,8,2.995768551746527e-06,13,2025-10-25T11:10:18,0
12,6,10.0,1,100000,2,7,2.8623520291542357e-06,9,2025-10-25T11:10:18,9
12,6,10.0,1,100000,2,6,7.206384455141803e-06,20,2025-10-25T11:10:18,5
12,6,10.0,1,100000,2,8,4.64251106290605e-06,14,2025-10-25T11:10:18,10
12,6,10.0,1,100000,2,8,2.7743669844517427e-06,11,2025-10-25T11:10:18,1
12,6,10.0,1,100000,2,8,8.398375231675221e-06,19,2025-10-25T11:10:18,6
12,6,10.0,1,100000,2,8,2.8585996371403897e-06,9,2025-10-25T11:10:18,2
12,6,10.0,1,100000,2,7,4.248033857201352e-06,19,2025-10-25T11:10:18,3
12,6,10.0,1,100000,2,7,5.1813490400611734e-06,14,2025-10-25T11:10:18,8
12,6,10.0,1,100000,2,7,5.390724626662877e-06,16,2025-10-25T11:10:18,7
12,6,10.0,1,100000,2,8,4.599349882600674e-06,13,2025-10-25T11:10:18,9
12,6,10.0,1,100000,2,9,2.154246159576082e-06,8,2025-10-25T11:10:18,1
12,6,10.0,1,100000,2,7,2.3396000451141352e-06,10,2025-10-25T11:10:18,5
12,6,10.0,1,100000,2,9,6.833450763679608e-06,16,2025-10-25T11:10:18,0
12,6,10.0,1,100000,2,8,9.416134622970324e-06,20,2025-10-25T11:10:18,4
12,6,10.0,1,100000,2,9,2.4558508554696647e-06,8,2025-10-25T11:10:18,6
12,6,10.0,1,100000,2,9,1.073340465007905e-05,17,2025-10-25T11:10:18,10
12,6,10.0,1,100000,2,8,1.8692864122963797e-06,11,2025-10-25T11:10:18,5
12,6,10.0,1,100000,2,9,1.034306990106201e-05,18,2025-10-25T11:10:18,2
12,6,10.0,1,100000,2,9,5.296813541343126e-06,14,2025-10-25T11:10:18,4
12,6,10.0,1,100000,2,8,4.85066818479503e-06,17,2025-10-25T11:10:18,8
12,6,10.0,1,100000,2,8,5.632623576219913e-06,21,2025-10-25T11:10:18,3
12,6,10.0,1,100000,2,8,6.1971339335568866e-06,21,2025-10-25T11:10:18,7
12,6,10.0,1,100000,2,9,5.22343457907786e-06,18,2025-10-25T11:10:18,9
12,6,10.0,1,100000,2,9,2.257589817890925e-06,8,2025-10-25T11:10:18,5
12,6,10.0,1,100000,2,9,5.0844944507307355e-06,11,2025-10-25T11:10:18,8
12,6,10.0,1,100000,2,9,2.846123595235151e-06,11,2025-10-25T11:10:19,3
12,6,10.0,1,100000,2,9,1.1210305582238434e-05,18,2025-10-25T11:10:19,7
14,6,10.0,1,100000,2,0,1.2827883285306285e-05,12,2025-10-25T11:10:20,7
14,6,10.0,1,100000,2,0,1.4609002006467106e-05,17,2025-10-25T11:10:20,2
14,6,10.0,1,100000,2,0,6.888617553984758e-06,11,2025-10-25T11:10:20,4
14,6,10.0,1,100000,2,0,4.904347445337572e-06,10,2025-10-25T11:10:20,9
14,6,10.0,1,100000,2,0,3.387034362960815e-06,8,2025-10-25T11:10:20,5
14,6,10.0,1,100000,2,0,8.879325629141353e-06,17,2025-10-25T11:10:20,3
14,6,10.0,1,100000,2,1,7.253512243769791e-06,12,2025-10-25T11:10:20,7
14,6,10.0,1,100000,2,0,5.48808805914416e-06,12,2025-10-25T11:10:20,8
14,6,10.0,1,100000,2,0,1.4414583050829093e-05,11,2025-10-25T11:10:20,6
14,6,10.0,1,100000,2,0,9.078450081657193e-06,10,2025-10-25T11:10:20,10
14,6,10.0,1,100000,2,0,1.3244568070433867e-05,15,2025-10-25T11:10:20,1
14,6,10.0,1,100000,2,1,1.1592589462699304e-05,17,2025-10-25T11:10:20,2
14,6,10.0,1,100000,2,1,9.076866461740636e-06,16,2025-10-25T11:10:20,4
14,6,10.0,1,100000,2,1,1.4939736092086488e-05,10,2025-10-25T11:10:20,5
14,6,10.0,1,100000,2,2,5.729968403632923e-06,10,2025-10-25T11:10:20,7
14,6,10.0,1,100000,2,1,1.193327810676302e-05,19,2025-10-25T11:10:20,9
14,6,10.0,1,100000,2,0,8.858173819597756e-06,18,2025-10-25T11:10:20,0
14,6,10.0,1,100000,2,1,1.1277770744885682e-05,19,2025-10-25T11:10:20,3
14,6,10.0,1,100000,2,1,9.521510180365001e-06,13,2025-10-25T11:10:20,8
14,6,10.0,1,100000,2,1,6.500012525239408e-06,14,2025-10-25T11:10:20,10
14,6,10.0,1,100000,2,1,7.321002240696396e-06,15,2025-10-25T11:10:20,1
14,6,10.0,1,100000,2,2,6.028589803793302e-06,14,2025-10-25T11:10:20,5
14,6,10.0,1,100000,2,3,1.2185109043089063e-05,12,2025-10-25T11:10:20,7
14,6,10.0,1,100000,2,2,8.33947669624206e-06,15,2025-10-25T11:10:20,2
14,6,10.0,1,100000,2,2,8.35548450346667e-06,14,2025-10-25T11:10:20,4
14,6,10.0,1,100000,2,1,1.603003682141855e-05,22,2025-10-25T11:10:20,6
14,6,10.0,1,100000,2,2,4.3428317422482386e-06,9,2025-10-25T11:10:20,10
14,6,10.0,1,100000,2,2,1.0708622193417715e-05,14,2025-10-25T11:10:20,3
14,6,10.0,1,100000,2,1,9.986106141235953e-06,17,2025-10-25T11:10:20,0
14,6,10.0,1,100000,2,2,2.0197308997505104e-06,11,2025-10-25T11:10:20,1
14,6,10.0,1,100000,2,2,2.0648143302211e-05,13,2025-10-25T11:10:20,8
14,6,10.0,1,100000,2,4,6.079510288520701e-06,8,2025-10-25T11:10:20,7
14,6,10.0,1,100000,2,2,6.761481401510612e-06,20,2025-10-25T11:10:20,9
14,6,10.0,1,100000,2,3,1.7793444013983861e-06,11,2025-10-25T11:10:20,4
14,6,10.0,1,100000,2,3,1.5082672057966551e-05,20,2025-10-25T11:10:20,5
14,6,10.0,1,100000,2,3,7.728399965885113e-06,14,2025-10-25T11:10:21,2
14,6,10.0,1,100000,2,5,2.317189078110367e-06,10,2025-10-25T11:10:21,7
14,6,10.0,1,100000,2,3,3.838382074061608e-06,13,2025-10-25T11:10:21,8
14,6,10.0,1,100000,2,2,1.088939614957047e-05,17,2025-10-25T11:10:21,6
14,6,10.0,1,100000,2,2,5.658947600285417e-06,13,2025-10-25T11:10:21,0
14,6,10.0,1,100000,2,3,8.740317673448632e-06,17,2025-10-25T11:10:21,3
14,6,10.0,1,100000,2,3,5.380413285437049e-06,14,2025-10-25T11:10:21,10
14,6,10.0,1,100000,2,3,1.555988434814778e-05,15,2025-10-25T11:10:21,9
14,6,10.0,1,100000,2,3,1.1810054036531694e-05,18,2025-10-25T11:10:21,1
14,6,10.0,1,100000,2,4,6.23965127477368e-06,14,2025-10-25T11:10:21,4
14,6,10.0,1,100000,2,3,1.7236930501441914e-06,9,2025-10-25T11:10:21,6
14,6,10.0,1,100000,2,6,8.786184759162778e-06,11,2025-10-25T11:10:21,7
14,6,10.0,1,100000,2,4,1.2284785231955795e-05,14,2025-10-25T11:10:21,2
14,6,10.0,1,100000,2,4,1.1580436766836454e-05,11,2025-10-25T11:10:21,10
14,6,10.0,1,100000,2,4,1.5787793850692613e-05,15,2025-10-25T11:10:21,8
14,6,10.0,1,100000,2,4,6.179269855370596e-06,15,2025-10-25T11:10:21,5
14,6,10.0,1,100000,2,4,6.835511070172059e-06,9,2025-10-25T11:10:21,1
14,6,10.0,1,100000,2,4,9.224644863282695e-06,10,2025-10-25T11:10:21,9
14,6,10.0,1,100000,2,4,1.3959660976715547e-05,17,2025-10-25T11:10:21,3
14,6,10.0,1,100000,2,3,8.182163110421737e-06,19,2025-10-25T11:10:21,0
14,6,10.0,1,100000,2,5,4.595595412775268e-06,13,2025-10-25T11:10:21,4
14,6,10.0,1,100000,2,5,2.1931218722757007e-06,10,2025-10-25T11:10:21,8
14,6,10.0,1,100000,2,7,4.458933144691952e-06,16,2025-10-25T11:10:21,7
14,6,10.0,1,100000,2,4,3.162682062091818e-06,17,2025-10-25T11:10:21,6
14,6,10.0,1,100000,2,5,9.954908827279118e-06,18,2025-10-25T11:10:21,2
14,6,10.0,1,100000,2,5,8.63701467643616e-06,18,2025-10-25T11:10:21,10
14,6,10.0,1,100000,2,5,9.761658929688826e-06,15,2025-10-25T11:10:21,1
14,6,10.0,1,100000,2,5,9.003282452401657e-06,19,2025-10-25T11:10:21,9
14,6,10.0,1,100000,2,5,9.318062649548804e-06,17,2025-10-25T11:10:21,3
14,6,10.0,1,100000,2,5,1.8171054151453005e-05,22,2025-10-25T11:10:21,5
14,6,10.0,1,100000,2,6,2.43301544560772e-06,8,2025-10-25T11:10:21,10
14,6,10.0,1,100000,2,6,6.003166621364377e-06,13,2025-10-25T11:10:21,4
14,6,10.0,1,100000,2,8,6.9776241313589974e-06,11,2025-10-25T11:10:21,7
14,6,10.0,1,100000,2,6,3.426535341203787e-06,6,2025-10-25T11:10:21,3
14,6,10.0,1,100000,2,5,3.5516504718236415e-06,10,2025-10-25T11:10:21,6
14,6,10.0,1,100000,2,6,8.958057750584515e-06,14,2025-10-25T11:10:21,8
14,6,10.0,1,100000,2,4,8.51099043003451e-06,22,2025-10-25T11:10:21,0
14,6,10.0,1,100000,2,6,5.9863475109261445e-06,12,2025-10-25T11:10:21,1
14,6,10.0,1,100000,2,6,7.540014090484519e-06,15,2025-10-25T11:10:21,2
14,6,10.0,1,100000,2,6,1.2297173230444037e-05,14,2025-10-25T11:10:21,9
14,6,10.0,1,100000,2,7,6.4763225675863666e-06,11,2025-10-25T11:10:21,10
14,6,10.0,1,100000,2,6,6.601053123178215e-06,8,2025-10-25T11:10:21,6
14,6,10.0,1,100000,2,7,3.977503421509991e-06,8,2025-10-25T11:10:21,8
14,6,10.0,1,100000,2,9,8.868881169793953e-06,12,2025-10-25T11:10:21,7
14,6,10.0,1,100000,2,7,7.414707032865969e-06,12,2025-10-25T11:10:21,3
14,6,10.0,1,100000,2,7,1.037375442400718e-05,13,2025-10-25T11:10:21,4
14,6,10.0,1,100000,2,6,1.5969081847740356e-05,17,2025-10-25T11:10:21,5
14,6,10.0,1,100000,2,7,3.662961782195826e-06,11,2025-10-25T11:10:22,1
14,6,10.0,1,100000,2,7,3.811880856144435e-06,11,2025-10-25T11:10:22,2
14,6,10.0,1,100000,2,5,3.5661084768754868e-06,14,2025-10-25T11:10:22,0
14,6,10.0,1,100000,2,8,8.986030594809192e-06,9,2025-10-25T11:10:22,10
14,6,10.0,1,100000,2,7,2.792608425510136e-06,10,2025-10-25T11:10:22,6
14,6,10.0,1,100000,2,8,3.446019123292697e-06,10,2025-10-25T11:10:22,1
14,6,10.0,1,100000,2,8,7.298844427976343e-06,13,2025-10-25T11:10:22,8
14,6,10.0,1,100000,2,7,1.4062301952662418e-05,18,2025-10-25T11:10:22,9
14,6,10.0,1,100000,2,8,3.418000045564895e-06,12,2025-10-25T11:10:22,4
14,6,10.0,1,100000,2,8,8.351172914504226e-06,13,2025-10-25T11:10:22,3
14,6,10.0,1,100000,2,7,1.2692648250292179e-05,15,2025-10-25T11:10:22,5
14,6,10.0,1,100000,2,8,2.844748975986836e-06,8,2025-10-25T11:10:22,6
14,6,10.0,1,100000,2,8,5.098997687376243e-06,11,2025-10-25T11:10:22,2
14,6,10.0,1,100000,2,6,1.3277035131279588e-05,14,2025-10-25T11:10:22,0
14,6,10.0,1,100000,2,9,3.994033661692013e-06,15,2025-10-25T11:10:22,10
14,6,10.0,1,100000,2,8,1.0496666741713033e-05,10,2025-10-25T11:10:22,9
14,6,10.0,1,100000,2,9,2.739084607363116e-06,9,2025-10-25T11:10:22,4
14,6,10.0,1,100000,2,9,1.777405702209253e-05,19,2025-10-25T11:10:22,1
14,6,10.0,1,100000,2,8,8.219587838915285e-06,14,2025-10-25T11:10:22,5
14,6,10.0,1,100000,2,9,5.8998015925159435e-06,17,2025-10-25T11:10:22,8
14,6,10.0,1,100000,2,9,1.0713835406389618e-05,16,2025-10-25T11:10:22,6
14,6,10.0,1,100000,2,9,5.184006784223358e-06,16,2025-10-25T11:10:22,3
14,6,10.0,1,100000,2,9,9.278523023128962e-06,15,2025-10-25T11:10:22,2
14,6,10.0,1,100000,2,9,5.535400704958515e-06,13,2025-10-25T11:10:22,9
14,6,10.0,1,100000,2,7,7.910026631515773e-06,14,2025-10-25T11:10:22,0
14,6,10.0,1,100000,2,9,1.1296859278253684e-05,15,2025-10-25T11:10:22,5
14,6,10.0,1,100000,2,8,1.2502967515169103e-05,18,2025-10-25T11:10:22,0
14,6,10.0,1,100000,2,9,9.766551906071843e-06,10,2025-10-25T11:10:22,0
16,6,10.0,1,100000,2,0,1.2031123949794864e-05,11,2025-10-25T11:10:26,0
16,6,10.0,1,100000,2,0,1.8193213434253066e-05,18,2025-10-25T11:10:26,3
16,6,10.0,1,100000,2,0,2.0992663494534845e-05,16,2025-10-25T11:10:26,5
16,6,10.0,1,100000,2,1,5.873288699176432e-06,13,2025-10-25T11:10:26,0
16,6,10.0,1,100000,2,1,8.207163535347928e-06,13,2025-10-25T11:10:26,5
16,6,10.0,1,100000,2,0,1.4074773957485589e-05,20,2025-10-25T11:10:26,2
16,6,10.0,1,100000,2,1,2.9050295648277627e-05,21,2025-10-25T11:10:26,3
16,6,10.0,1,100000,2,2,1.6146083834127284e-05,9,2025-10-25T11:10:26,0
16,6,10.0,1,100000,2,0,1.7593556213699382e-05,23,2025-10-25T11:10:26,1
16,6,10.0,1,100000,2,0,1.177098700373221e-05,16,2025-10-25T11:10:26,6
16,6,10.0,1,100000,2,2,1.3641778831941946e-05,14,2025-10-25T11:10:26,5
16,6,10.0,1,100000,2,1,1.7959548045630516e-05,16,2025-10-25T11:10:27,2
16,6,10.0,1,100000,2,2,2.2688605250261216e-05,16,2025-10-25T11:10:27,3
16,6,10.0,1,100000,2,0,9.81880573105489e-06,14,2025-10-25T11:10:27,8
16,6,10.0,1,100000,2,0,1.5758686081831745e-05,14,2025-10-25T11:10:27,9
16,6,10.0,1,100000,2,0,1.9664639352759845e-05,14,2025-10-25T11:10:27,4
16,6,10.0,1,100000,2,0,2.150849247193057e-05,15,2025-10-25T11:10:27,7
16,6,10.0,1,100000,2,0,1.6586611645997515e-05,14,2025-10-25T11:10:27,10
16,6,10.0,1,100000,2,1,2.3789187325115826e-05,19,2025-10-25T11:10:27,1
16,6,10.0,1,100000,2,1,8.90879177703657e-06,9,2025-10-25T11:10:27,9
16,6,10.0,1,100000,2,3,2.3237579538066423e-05,25,2025-10-25T11:10:27,0
16,6,10.0,1,100000,2,3,8.560108505507726e-06,17,2025-10-25T11:10:27,5
16,6,10.0,1,100000,2,3,2.981711154800301e-05,17,2025-10-25T11:10:27,3
16,6,10.0,1,100000,2,1,3.056603251959414e-05,25,2025-10-25T11:10:27,6
16,6,10.0,1,100000,2,2,1.5145551192906433e-05,15,2025-10-25T11:10:27,2
16,6,10.0,1,100000,2,1,1.669258735035976e-05,15,2025-10-25T11:10:27,4
16,6,10.0,1,100000,2,1,1.551174477847594e-05,15,2025-10-25T11:10:27,7
16,6,10.0,1,100000,2,1,9.452109421964076e-06,15,2025-10-25T11:10:27,10
16,6,10.0,1,100000,2,1,1.9180077032776624e-05,18,2025-10-25T11:10:28,8
16,6,10.0,1,100000,2,4,1.7656623277422944e-05,9,2025-10-25T11:10:28,0
16,6,10.0,1,100000,2,2,1.7413572529998895e-05,13,2025-10-25T11:10:28,1
16,6,10.0,1,100000,2,2,2.0153715782815972e-05,18,2025-10-25T11:10:28,9
16,6,10.0,1,100000,2,4,1.4549831126625173e-05,14,2025-10-25T11:10:28,5
16,6,10.0,1,100000,2,2,7.148832414319965e-06,12,2025-10-25T11:10:28,6
16,6,10.0,1,100000,2,4,8.85312753243814e-06,17,2025-10-25T11:10:28,3
16,6,10.0,1,100000,2,3,2.617206086275292e-05,18,2025-10-25T11:10:28,2
16,6,10.0,1,100000,2,2,1.673200440158202e-05,17,2025-10-25T11:10:28,7
16,6,10.0,1,100000,2,2,1.533063364389399e-05,20,2025-10-25T11:10:28,4
16,6,10.0,1,100000,2,5,1.3335556923204278e-05,12,2025-10-25T11:10:28,0
16,6,10.0,1,100000,2,3,1.551365785126543e-05,13,2025-10-25T11:10:28,1
16,6,10.0,1,100000,2,2,2.8499871090687764e-05,19,2025-10-25T11:10:28,10
16,6,10.0,1,100000,2,2,2.7864229893794776e-05,18,2025-10-25T11:10:28,8
16,6,10.0,1,100000,2,5,1.2996326142552154e-05,8,2025-10-25T11:10:29,3
16,6,10.0,1,100000,2,3,1.6998025918731376e-05,15,2025-10-25T11:10:29,6
16,6,10.0,1,100000,2,3,1.3591929995437101e-05,20,2025-10-25T11:10:29,9
16,6,10.0,1,100000,2,4,8.399564721492254e-06,9,2025-10-25T11:10:29,1
16,6,10.0,1,100000,2,5,2.169640212923952e-05,23,2025-10-25T11:10:29,5
16,6,10.0,1,100000,2,4,8.45925239027408e-06,15,2025-10-25T11:10:29,2
16,6,10.0,1,100000,2,3,1.6434848092538758e-05,14,2025-10-25T11:10:29,4
16,6,10.0,1,100000,2,3,2.2816261184415726e-05,19,2025-10-25T11:10:29,7
16,6,10.0,1,100000,2,3,1.750085663629623e-05,18,2025-10-25T11:10:29,10
16,6,10.0,1,100000,2,6,1.3184679529016963e-05,14,2025-10-25T11:10:29,3
16,6,10.0,1,100000,2,3,2.843164077051516e-05,21,2025-10-25T11:10:29,8
16,6,10.0,1,100000,2,6,3.262223372181285e-05,26,2025-10-25T11:10:29,0
16,6,10.0,1,100000,2,4,1.4755722993319674e-05,18,2025-10-25T11:10:30,6
16,6,10.0,1,100000,2,6,2.295171201175015e-05,13,2025-10-25T11:10:30,5
16,6,10.0,1,100000,2,4,1.0064519200446764e-05,17,2025-10-25T11:10:30,9
16,6,10.0,1,100000,2,5,2.0154485875205165e-05,19,2025-10-25T11:10:30,1
16,6,10.0,1,100000,2,5,1.2401578777998581e-05,15,2025-10-25T11:10:30,2
16,6,10.0,1,100000,2,4,9.930208601537751e-06,14,2025-10-25T11:10:30,7
16,6,10.0,1,100000,2,4,1.1408374423264503e-05,20,2025-10-25T11:10:30,4
16,6,10.0,1,100000,2,4,1.5228057012234833e-05,18,2025-10-25T11:10:30,10
16,6,10.0,1,100000,2,4,2.0468459255366566e-05,17,2025-10-25T11:10:30,8
16,6,10.0,1,100000,2,7,1.1474656499993428e-05,18,2025-10-25T11:10:30,3
16,6,10.0,1,100000,2,7,1.159143441097267e-05,13,2025-10-25T11:10:30,0
16,6,10.0,1,100000,2,5,1.2540999442720704e-05,17,2025-10-25T11:10:30,6
16,6,10.0,1,100000,2,5,1.0283642427488314e-05,13,2025-10-25T11:10:30,9
16,6,10.0,1,100000,2,7,2.3936163383940284e-05,16,2025-10-25T11:10:30,5
16,6,10.0,1,100000,2,5,5.884033155290936e-06,8,2025-10-25T11:10:30,10
16,6,10.0,1,100000,2,6,1.0181452392262785e-05,16,2025-10-25T11:10:30,1
16,6,10.0,1,100000,2,6,1.5436695691731656e-05,16,2025-10-25T11:10:31,2
16,6,10.0,1,100000,2,5,1.109207753569326e-05,9,2025-10-25T11:10:31,8
16,6,10.0,1,100000,2,5,2.0848182565889307e-05,12,2025-10-25T11:10:31,4
16,6,10.0,1,100000,2,5,1.5254324976263303e-05,20,2025-10-25T11:10:31,7
16,6,10.0,1,100000,2,8,1.2729656396667119e-05,13,2025-10-25T11:10:31,3
16,6,10.0,1,100000,2,6,1.6901032264226785e-05,13,2025-10-25T11:10:31,6
16,6,10.0,1,100000,2,8,1.3922893197908902e-05,16,2025-10-25T11:10:31,0
16,6,10.0,1,100000,2,6,1.0929901277894831e-05,15,2025-10-25T11:10:31,10
16,6,10.0,1,100000,2,6,8.215403948713035e-06,16,2025-10-25T11:10:31,9
16,6,10.0,1,100000,2,6,2.7521806503921104e-05,12,2025-10-25T11:10:31,4
16,6,10.0,1,100000,2,6,1.9794579122891837e-05,14,2025-10-25T11:10:31,8
16,6,10.0,1,100000,2,8,1.7428676139469842e-05,23,2025-10-25T11:10:31,5
16,6,10.0,1,100000,2,7,2.0866021379959065e-05,22,2025-10-25T11:10:31,1
16,6,10.0,1,100000,2,7,2.9016872818983824e-05,17,2025-10-25T11:10:32,2
16,6,10.0,1,100000,2,9,3.086862946418681e-05,17,2025-10-25T11:10:32,3
16,6,10.0,1,100000,2,7,2.564095115633791e-05,17,2025-10-25T11:10:32,6
16,6,10.0,1,100000,2,6,2.6208785590067286e-05,23,2025-10-25T11:10:32,7
16,6,10.0,1,100000,2,9,8.912527014335899e-06,18,2025-10-25T11:10:32,0
16,6,10.0,1,100000,2,7,2.1245978027909454e-05,15,2025-10-25T11:10:32,9
16,6,10.0,1,100000,2,9,1.0133948392608563e-05,13,2025-10-25T11:10:32,5
16,6,10.0,1,100000,2,7,1.6933421909280108e-05,19,2025-10-25T11:10:32,10
16,6,10.0,1,100000,2,8,9.46168285473171e-06,13,2025-10-25T11:10:32,1
16,6,10.0,1,100000,2,8,1.2053750882778572e-05,13,2025-10-25T11:10:32,2
16,6,10.0,1,100000,2,7,1.3176110110893814e-05,18,2025-10-25T11:10:32,4
16,6,10.0,1,100000,2,7,3.0320722804803797e-05,23,2025-10-25T11:10:32,8
16,6,10.0,1,100000,2,7,1.1570182708033923e-05,12,2025-10-25T11:10:33,7
16,6,10.0,1,100000,2,8,2.1466111923387246e-05,18,2025-10-25T11:10:33,6
16,6,10.0,1,100000,2,8,1.8928264586273398e-05,19,2025-10-25T11:10:33,9
16,6,10.0,1,100000,2,9,1.234967998567878e-05,13,2025-10-25T11:10:33,2
16,6,10.0,1,100000,2,8,5.367444645522618e-06,11,2025-10-25T11:10:33,4
16,6,10.0,1,100000,2,8,2.454365220132414e-05,22,2025-10-25T11:10:33,10
16,6,10.0,1,100000,2,8,2.0976052814920555e-05,17,2025-10-25T11:10:33,8
16,6,10.0,1,100000,2,9,1.698965587531853e-05,23,2025-10-25T11:10:33,1
16,6,10.0,1,100000,2,8,9.342552761112434e-06,12,2025-10-25T11:10:33,7
16,6,10.0,1,100000,2,9,3.0526010432768445e-05,15,2025-10-25T11:10:33,6
16,6,10.0,1,100000,2,9,2.2713647366967657e-05,17,2025-10-25T11:10:34,9
16,6,10.0,1,100000,2,9,1.7034956355911276e-05,16,2025-10-25T11:10:34,4
16,6,10.0,1,100000,2,9,1.3292027073884168e-05,12,2025-10-25T11:10:34,7
16,6,10.0,1,100000,2,9,3.283008330845364e-05,22,2025-10-25T11:10:34,10
16,6,10.0,1,100000,2,9,2.0304288272888566e-05,20,2025-10-25T11:10:34,8
18,6,10.0,1,100000,2,0,1.604365041396097e-05,11,2025-10-25T11:10:49,3
18,6,10.0,1,100000,2,0,2.248029815095161e-05,12,2025-10-25T11:10:49,9
18,6,10.0,1,100000,2,0,2.042986271937953e-05,12,2025-10-25T11:10:49,6
18,6,10.0,1,100000,2,1,2.556311298612222e-05,17,2025-10-25T11:10:49,3
18,6,10.0,1,100000,2,1,3.133730453727038e-05,24,2025-10-25T11:10:50,9
18,6,10.0,1,100000,2,0,1.0863977557974912e-05,13,2025-10-25T11:10:50,5
18,6,10.0,1,100000,2,0,2.254071187932327e-05,19,2025-10-25T11:10:51,7
18,6,10.0,1,100000,2,0,1.8666621720873352e-05,11,2025-10-25T11:10:51,2
18,6,10.0,1,100000,2,1,5.150144405693074e-05,26,2025-10-25T11:10:51,6
18,6,10.0,1,100000,2,0,2.381344540140014e-05,17,2025-10-25T11:10:51,4
18,6,10.0,1,100000,2,0,3.216983750746029e-05,25,2025-10-25T11:10:51,10
18,6,10.0,1,100000,2,0,1.62404909780815e-05,16,2025-10-25T11:10:52,8
18,6,10.0,1,100000,2,0,4.546101628694005e-05,17,2025-10-25T11:10:53,1
18,6,10.0,1,100000,2,2,2.58592118797182e-05,15,2025-10-25T11:10:53,3
18,6,10.0,1,100000,2,1,1.4429283002305122e-05,13,2025-10-25T11:10:54,5
18,6,10.0,1,100000,2,2,5.238049767588922e-05,19,2025-10-25T11:10:54,9
18,6,10.0,1,100000,2,0,4.707677276937781e-05,23,2025-10-25T11:10:54,0
18,6,10.0,1,100000,2,1,1.2807085989055424e-05,9,2025-10-25T11:10:54,10
18,6,10.0,1,100000,2,1,2.315970476308351e-05,16,2025-10-25T11:10:54,7
18,6,10.0,1,100000,2,1,3.610947775847726e-05,19,2025-10-25T11:10:55,2
18,6,10.0,1,100000,2,2,2.6194102185615093e-05,17,2025-10-25T11:10:55,6
18,6,10.0,1,100000,2,1,4.5588912097940725e-05,17,2025-10-25T11:10:55,4
18,6,10.0,1,100000,2,3,2.9855975213561863e-05,16,2025-10-25T11:10:56,3
18,6,10.0,1,100000,2,1,3.976789703225247e-05,17,2025-10-25T11:10:56,1
18,6,10.0,1,100000,2,1,4.078630977876184e-05,23,2025-10-25T11:10:57,8
18,6,10.0,1,100000,2,2,2.762317908656733e-05,18,2025-10-25T11:10:58,5
18,6,10.0,1,100000,2,1,2.2520431231710616e-05,17,2025-10-25T11:10:58,0
18,6,10.0,1,100000,2,2,1.8904996599738397e-05,15,2025-10-25T11:10:58,7
18,6,10.0,1,100000,2,3,2.6597732136160453e-05,23,2025-10-25T11:10:59,9
18,6,10.0,1,100000,2,2,1.9768561252184808e-05,19,2025-10-25T11:10:59,10
18,6,10.0,1,100000,2,2,1.0472084095805288e-05,16,2025-10-25T11:10:59,4
18,6,10.0,1,100000,2,3,2.2431988955938293e-05,17,2025-10-25T11:10:59,6
18,6,10.0,1,100000,2,2,3.192264506284286e-05,21,2025-10-25T11:10:59,2
18,6,10.0,1,100000,2,2,4.2087413430314376e-05,17,2025-10-25T11:11:01,1
18,6,10.0,1,100000,2,4,2.2833792865177612e-05,19,2025-10-25T11:11:01,3
18,6,10.0,1,100000,2,2,4.153014440563716e-05,17,2025-10-25T11:11:01,8
18,6,10.0,1,100000,2,3,2.9100348357921085e-05,14,2025-10-25T11:11:01,5
18,6,10.0,1,100000,2,2,2.268119814824908e-05,15,2025-10-25T11:11:02,0
18,6,10.0,1,100000,2,4,3.1323153579227763e-05,14,2025-10-25T11:11:02,9
18,6,10.0,1,100000,2,3,2.5415946151939653e-05,21,2025-10-25T11:11:03,7
18,6,10.0,1,100000,2,3,3.087890208872568e-05,13,2025-10-25T11:11:03,2
18,6,10.0,1,100000,2,3,2.9063982480758353e-05,17,2025-10-25T11:11:03,4
18,6,10.0,1,100000,2,3,3.6993820686452915e-05,24,2025-10-25T11:11:03,10
18,6,10.0,1,100000,2,4,2.652482593507713e-05,18,2025-10-25T11:11:03,6
18,6,10.0,1,100000,2,5,2.1004085542275348e-05,16,2025-10-25T11:11:04,3
18,6,10.0,1,100000,2,3,1.5567070723020903e-05,16,2025-10-25T11:11:05,8
18,6,10.0,1,100000,2,3,1.6992603583270735e-05,10,2025-10-25T11:11:05,0
18,6,10.0,1,100000,2,4,2.1814100145193067e-05,11,2025-10-25T11:11:05,10
18,6,10.0,1,100000,2,3,4.159403703352855e-05,21,2025-10-25T11:11:05,1
18,6,10.0,1,100000,2,4,2.8245027598179528e-05,19,2025-10-25T11:11:05,5
18,6,10.0,1,100000,2,4,4.016347525907732e-05,13,2025-10-25T11:11:06,2
18,6,10.0,1,100000,2,4,1.5626478795714236e-05,13,2025-10-25T11:11:06,7
18,6,10.0,1,100000,2,4,2.9724674887103077e-05,13,2025-10-25T11:11:06,4
18,6,10.0,1,100000,2,5,3.68965490583257e-05,22,2025-10-25T11:11:06,9
18,6,10.0,1,100000,2,5,6.558501624583618e-05,20,2025-10-25T11:11:07,6
18,6,10.0,1,100000,2,4,2.3051351649647437e-05,15,2025-10-25T11:11:08,8
18,6,10.0,1,100000,2,6,5.622385996344623e-05,18,2025-10-25T11:11:08,3
18,6,10.0,1,100000,2,4,3.727681591510642e-05,17,2025-10-25T11:11:08,1
18,6,10.0,1,100000,2,4,2.2374382530258625e-05,18,2025-10-25T11:11:08,0
18,6,10.0,1,100000,2,5,6.914764742181229e-06,11,2025-10-25T11:11:08,2
18,6,10.0,1,100000,2,5,3.4435117135765766e-05,14,2025-10-25T11:11:09,7
18,6,10.0,1,100000,2,5,4.115897963131606e-05,20,2025-10-25T11:11:09,5
18,6,10.0,1,100000,2,5,5.2197660005244056e-05,25,2025-10-25T11:11:09,10
18,6,10.0,1,100000,2,6,3.464651843890797e-05,18,2025-10-25T11:11:10,9
18,6,10.0,1,100000,2,6,1.758838921889524e-05,11,2025-10-25T11:11:10,6
18,6,10.0,1,100000,2,5,2.3229263564653254e-05,24,2025-10-25T11:11:10,4
18,6,10.0,1,100000,2,7,2.3518004016998093e-05,12,2025-10-25T11:11:10,3
18,6,10.0,1,100000,2,5,2.8730447941221494e-05,18,2025-10-25T11:11:11,8
18,6,10.0,1,100000,2,5,4.1067519905705786e-05,20,2025-10-25T11:11:12,1
18,6,10.0,1,100000,2,6,1.8148675619169622e-05,14,2025-10-25T11:11:12,10
18,6,10.0,1,100000,2,6,2.074272055029201e-05,19,2025-10-25T11:11:12,2
18,6,10.0,1,100000,2,6,1.866024895848626e-05,17,2025-10-25T11:11:12,7
18,6,10.0,1,100000,2,6,2.7911257704630182e-05,17,2025-10-25T11:11:12,5
18,6,10.0,1,100000,2,5,3.651443000077248e-05,24,2025-10-25T11:11:12,0
18,6,10.0,1,100000,2,7,1.87073670315166e-05,14,2025-10-25T11:11:13,6
18,6,10.0,1,100000,2,8,3.2522789284500426e-05,17,2025-10-25T11:11:13,3
18,6,10.0,1,100000,2,7,3.645615607438197e-05,21,2025-10-25T11:11:13,9
18,6,10.0,1,100000,2,6,2.8264937347262355e-05,20,2025-10-25T11:11:14,4
18,6,10.0,1,100000,2,6,2.674557989105915e-05,16,2025-10-25T11:11:14,8
18,6,10.0,1,100000,2,6,1.6179408411491213e-05,14,2025-10-25T11:11:15,1
18,6,10.0,1,100000,2,7,2.1696397574327796e-05,14,2025-10-25T11:11:15,7
18,6,10.0,1,100000,2,7,2.8294523736424923e-05,18,2025-10-25T11:11:15,2
18,6,10.0,1,100000,2,7,1.6980954614289252e-05,13,2025-10-25T11:11:15,5
18,6,10.0,1,100000,2,7,5.3517653311844005e-05,26,2025-10-25T11:11:16,10
18,6,10.0,1,100000,2,6,3.6644171044423034e-05,19,2025-10-25T11:11:16,0
18,6,10.0,1,100000,2,8,2.2233591780532078e-05,10,2025-10-25T11:11:16,9
18,6,10.0,1,100000,2,9,2.2136060943879937e-05,14,2025-10-25T11:11:17,3
18,6,10.0,1,100000,2,7,2.794271129966055e-05,16,2025-10-25T11:11:17,4
18,6,10.0,1,100000,2,8,4.356997371900546e-05,28,2025-10-25T11:11:17,6
18,6,10.0,1,100000,2,8,1.651174769527084e-05,12,2025-10-25T11:11:18,2
18,6,10.0,1,100000,2,7,1.863339528043753e-05,18,2025-10-25T11:11:18,1
18,6,10.0,1,100000,2,7,4.4391430500183925e-05,22,2025-10-25T11:11:18,8
18,6,10.0,1,100000,2,8,1.952749536427259e-05,15,2025-10-25T11:11:18,5
18,6,10.0,1,100000,2,8,2.9642037674609484e-05,21,2025-10-25T11:11:18,7
18,6,10.0,1,100000,2,7,2.678929064814317e-05,14,2025-10-25T11:11:19,0
18,6,10.0,1,100000,2,9,2.5324411668982327e-05,15,2025-10-25T11:11:19,9
18,6,10.0,1,100000,2,8,4.1218189781829606e-05,26,2025-10-25T11:11:20,10
18,6,10.0,1,100000,2,8,3.532819950279708e-05,21,2025-10-25T11:11:20,4
18,6,10.0,1,100000,2,9,1.6824825743482e-05,19,2025-10-25T11:11:20,6
18,6,10.0,1,100000,2,9,1.2765787816012099e-05,13,2025-10-25T11:11:21,5
18,6,10.0,1,100000,2,9,4.040599919184005e-05,18,2025-10-25T11:11:21,2
18,6,10.0,1,100000,2,8,1.3307520532123488e-05,18,2025-10-25T11:11:21,8
18,6,10.0,1,100000,2,9,2.0052817593644585e-05,13,2025-10-25T11:11:21,7
18,6,10.0,1,100000,2,8,3.920549866874498e-05,25,2025-10-25T11:11:21,1
18,6,10.0,1,100000,2,8,3.8217421025489344e-05,22,2025-10-25T11:11:22,0
18,6,10.0,1,100000,2,9,3.986713948349301e-05,16,2025-10-25T11:11:22,4
18,6,10.0,1,100000,2,9,3.2135973777020705e-05,24,2025-10-25T11:11:23,10
18,6,10.0,1,100000,2,9,2.9057365399578494e-05,19,2025-10-25T11:11:23,8
18,6,10.0,1,100000,2,9,2.3952949368464312e-05,17,2025-10-25T11:11:23,1
18,6,10.0,1,100000,2,9,3.4916961306090756e-05,20,2025-10-25T11:11:24,0
