n,k,t,l,r,p,rep,norm,active_count,timestamp,worker
6,4,10.0,2,100000,2,0,1.3174179993153998e-10,5,2025-10-06T15:14:11,0
6,4,10.0,2,100000,2,0,1.218914174249475e-10,6,2025-10-06T15:14:11,1
6,4,10.0,2,100000,2,0,1.2548252538436448e-10,6,2025-10-06T15:14:11,3
6,4,10.0,2,100000,2,0,2.0558112719071386e-11,6,2025-10-06T15:14:11,2
6,4,10.0,2,100000,2,1,4.3150845832097675e-11,7,2025-10-06T15:14:11,0
6,4,10.0,2,100000,2,1,8.594544796355311e-11,6,2025-10-06T15:14:11,1
6,4,10.0,2,100000,2,1,9.737437232049124e-11,6,2025-10-06T15:14:11,3
6,4,10.0,2,100000,2,2,1.3246665529540245e-10,4,2025-10-06T15:14:11,1
6,4,10.0,2,100000,2,2,6.038547958882544e-11,5,2025-10-06T15:14:11,0
6,4,10.0,2,100000,2,2,7.648728104678244e-11,4,2025-10-06T15:14:11,3
6,4,10.0,2,100000,2,1,8.200333547593532e-11,7,2025-10-06T15:14:11,2
6,4,10.0,2,100000,2,3,1.2178742701068999e-10,5,2025-10-06T15:14:11,0
6,4,10.0,2,100000,2,3,7.58335317872924e-11,7,2025-10-06T15:14:11,1
6,4,10.0,2,100000,2,3,1.0592546976650324e-10,6,2025-10-06T15:14:11,3
6,4,10.0,2,100000,2,2,7.431543406190343e-11,5,2025-10-06T15:14:11,2
6,4,10.0,2,100000,2,0,6.458814564125784e-11,5,2025-10-06T15:14:11,4
6,4,10.0,2,100000,2,4,1.701383795810676e-10,5,2025-10-06T15:14:11,0
6,4,10.0,2,100000,2,0,4.3727388334487217e-11,3,2025-10-06T15:14:11,8
6,4,10.0,2,100000,2,4,1.0231103724482031e-10,5,2025-10-06T15:14:11,3
6,4,10.0,2,100000,2,5,6.145101294763204e-11,3,2025-10-06T15:14:11,0
6,4,10.0,2,100000,2,1,8.776043441227746e-11,7,2025-10-06T15:14:11,4
6,4,10.0,2,100000,2,4,2.31057241686735e-10,8,2025-10-06T15:14:11,1
6,4,10.0,2,100000,2,3,1.9989421802899644e-10,9,2025-10-06T15:14:11,2
6,4,10.0,2,100000,2,1,1.460907339258434e-10,6,2025-10-06T15:14:11,8
6,4,10.0,2,100000,2,6,1.2147393171325675e-10,4,2025-10-06T15:14:11,0
6,4,10.0,2,100000,2,5,6.344752038031552e-11,7,2025-10-06T15:14:11,3
6,4,10.0,2,100000,2,2,1.5643130567059289e-10,6,2025-10-06T15:14:11,4
6,4,10.0,2,100000,2,5,1.3987359204166567e-10,4,2025-10-06T15:14:11,1
6,4,10.0,2,100000,2,4,1.0113747995493442e-10,8,2025-10-06T15:14:11,2
6,4,10.0,2,100000,2,7,6.007402637760392e-11,8,2025-10-06T15:14:11,0
6,4,10.0,2,100000,2,0,1.077545794309872e-10,5,2025-10-06T15:14:11,9
6,4,10.0,2,100000,2,3,8.74265083793572e-11,3,2025-10-06T15:14:11,4
6,4,10.0,2,100000,2,2,8.333354680791218e-11,8,2025-10-06T15:14:11,8
6,4,10.0,2,100000,2,6,8.82258778672359e-11,6,2025-10-06T15:14:11,3
6,4,10.0,2,100000,2,6,5.3886492544152654e-11,5,2025-10-06T15:14:11,1
6,4,10.0,2,100000,2,0,1.3673903642374097e-10,8,2025-10-06T15:14:11,6
6,4,10.0,2,100000,2,0,6.036903850331643e-11,7,2025-10-06T15:14:11,7
6,4,10.0,2,100000,2,0,2.0111212348003838e-10,8,2025-10-06T15:14:11,10
6,4,10.0,2,100000,2,0,9.30806892120784e-11,7,2025-10-06T15:14:11,5
6,4,10.0,2,100000,2,3,6.689008129165811e-11,5,2025-10-06T15:14:11,8
6,4,10.0,2,100000,2,1,1.2929347840233393e-10,4,2025-10-06T15:14:11,6
6,4,10.0,2,100000,2,5,1.8740214579791084e-10,8,2025-10-06T15:14:11,2
6,4,10.0,2,100000,2,8,6.688432392874028e-11,6,2025-10-06T15:14:11,0
6,4,10.0,2,100000,2,1,1.3321101020296766e-10,4,2025-10-06T15:14:11,7
6,4,10.0,2,100000,2,6,9.912814700055751e-11,5,2025-10-06T15:14:11,2
6,4,10.0,2,100000,2,1,2.046728810971111e-10,6,2025-10-06T15:14:11,9
6,4,10.0,2,100000,2,1,1.4376381234725456e-10,5,2025-10-06T15:14:11,10
6,4,10.0,2,100000,2,7,9.650253601282547e-11,6,2025-10-06T15:14:11,1
6,4,10.0,2,100000,2,7,3.281203593080706e-11,6,2025-10-06T15:14:11,3
6,4,10.0,2,100000,2,2,8.244749212228651e-11,5,2025-10-06T15:14:11,6
6,4,10.0,2,100000,2,2,1.1359923328910278e-10,6,2025-10-06T15:14:11,10
6,4,10.0,2,100000,2,2,1.2713861120047867e-10,6,2025-10-06T15:14:11,7
6,4,10.0,2,100000,2,1,1.459108836025228e-10,5,2025-10-06T15:14:11,5
6,4,10.0,2,100000,2,4,1.9012623744929433e-10,9,2025-10-06T15:14:11,4
6,4,10.0,2,100000,2,4,6.698450645408995e-11,6,2025-10-06T15:14:11,8
6,4,10.0,2,100000,2,7,1.205710443755892e-10,5,2025-10-06T15:14:11,2
6,4,10.0,2,100000,2,9,7.977306565059824e-11,7,2025-10-06T15:14:11,0
6,4,10.0,2,100000,2,8,9.815770015740416e-11,4,2025-10-06T15:14:11,1
6,4,10.0,2,100000,2,3,4.066860122551357e-11,4,2025-10-06T15:14:11,6
6,4,10.0,2,100000,2,8,8.529425607909577e-11,5,2025-10-06T15:14:11,3
6,4,10.0,2,100000,2,2,3.151292321284727e-11,3,2025-10-06T15:14:11,5
6,4,10.0,2,100000,2,3,1.342631477983176e-10,4,2025-10-06T15:14:11,7
6,4,10.0,2,100000,2,5,7.220028142131728e-11,4,2025-10-06T15:14:11,4
6,4,10.0,2,100000,2,3,1.503678106941093e-10,8,2025-10-06T15:14:11,10
6,4,10.0,2,100000,2,5,1.0066891234673932e-10,6,2025-10-06T15:14:11,8
6,4,10.0,2,100000,2,2,1.634820863844198e-10,12,2025-10-06T15:14:11,9
6,4,10.0,2,100000,2,8,1.2559102822936367e-10,6,2025-10-06T15:14:11,2
6,4,10.0,2,100000,2,9,1.1062352156786651e-10,6,2025-10-06T15:14:11,1
6,4,10.0,2,100000,2,9,4.0736607768635333e-11,6,2025-10-06T15:14:11,3
6,4,10.0,2,100000,2,4,8.950836061114979e-11,6,2025-10-06T15:14:11,7
6,4,10.0,2,100000,2,4,9.044091057882977e-11,7,2025-10-06T15:14:11,6
6,4,10.0,2,100000,2,6,1.2537911490801764e-10,5,2025-10-06T15:14:11,8
6,4,10.0,2,100000,2,3,1.5936459175611567e-10,8,2025-10-06T15:14:11,5
6,4,10.0,2,100000,2,4,5.6021899953890796e-11,5,2025-10-06T15:14:11,10
6,4,10.0,2,100000,2,9,5.267580804662902e-11,6,2025-10-06T15:14:11,2
6,4,10.0,2,100000,2,7,6.604454265562485e-11,5,2025-10-06T15:14:11,8
6,4,10.0,2,100000,2,6,1.2760221016459426e-10,7,2025-10-06T15:14:11,4
6,4,10.0,2,100000,2,8,6.189138853020264e-11,2,2025-10-06T15:14:11,8
6,4,10.0,2,100000,2,5,1.0242514453412217e-10,5,2025-10-06T15:14:11,6
6,4,10.0,2,100000,2,9,5.81287197493721e-11,4,2025-10-06T15:14:11,8
6,4,10.0,2,100000,2,3,1.8154197081314924e-10,10,2025-10-06T15:14:11,9
6,4,10.0,2,100000,2,4,9.566124022906717e-11,6,2025-10-06T15:14:11,5
6,4,10.0,2,100000,2,5,8.486694320208374e-11,6,2025-10-06T15:14:11,10
6,4,10.0,2,100000,2,5,9.658898761266943e-11,7,2025-10-06T15:14:11,7
6,4,10.0,2,100000,2,4,3.384168690192443e-11,5,2025-10-06T15:14:11,9
6,4,10.0,2,100000,2,5,1.3484106458684116e-10,7,2025-10-06T15:14:11,5
6,4,10.0,2,100000,2,7,1.2128920032833653e-10,6,2025-10-06T15:14:11,4
6,4,10.0,2,100000,2,6,6.719106180593744e-11,7,2025-10-06T15:14:11,6
6,4,10.0,2,100000,2,6,3.836607294872495e-11,4,2025-10-06T15:14:11,7
6,4,10.0,2,100000,2,6,1.2400669066927895e-10,7,2025-10-06T15:14:11,5
6,4,10.0,2,100000,2,6,6.840494351672271e-11,7,2025-10-06T15:14:11,10
6,4,10.0,2,100000,2,7,1.6296869746293548e-10,6,2025-10-06T15:14:11,6
6,4,10.0,2,100000,2,7,1.9223598997099967e-10,7,2025-10-06T15:14:11,7
6,4,10.0,2,100000,2,5,3.616010208461619e-11,4,2025-10-06T15:14:11,9
6,4,10.0,2,100000,2,8,9.171515298756203e-11,7,2025-10-06T15:14:11,4
6,4,10.0,2,100000,2,9,3.9407948849445866e-11,6,2025-10-06T15:14:11,4
6,4,10.0,2,100000,2,7,3.128135778249398e-11,7,2025-10-06T15:14:11,10
6,4,10.0,2,100000,2,6,7.822721632499994e-11,5,2025-10-06T15:14:11,9
6,4,10.0,2,100000,2,8,1.0860043990399181e-10,4,2025-10-06T15:14:11,10
6,4,10.0,2,100000,2,7,4.3325824308442164e-11,5,2025-10-06T15:14:11,5
6,4,10.0,2,100000,2,8,9.552458415487471e-11,6,2025-10-06T15:14:11,6
6,4,10.0,2,100000,2,8,8.521500801906627e-11,5,2025-10-06T15:14:11,7
6,4,10.0,2,100000,2,7,7.228282665484261e-11,5,2025-10-06T15:14:11,9
6,4,10.0,2,100000,2,9,7.566962625207273e-11,3,2025-10-06T15:14:11,6
6,4,10.0,2,100000,2,8,4.7080238822824636e-11,4,2025-10-06T15:14:11,5
6,4,10.0,2,100000,2,9,7.68266460120041e-11,4,2025-10-06T15:14:11,7
6,4,10.0,2,100000,2,9,1.828814135833222e-10,8,2025-10-06T15:14:11,10
6,4,10.0,2,100000,2,9,1.0885253063400463e-10,4,2025-10-06T15:14:11,5
6,4,10.0,2,100000,2,8,1.4505663650467415e-10,7,2025-10-06T15:14:11,9
6,4,10.0,2,100000,2,9,9.702207777142106e-11,5,2025-10-06T15:14:11,9
8,4,10.0,2,100000,2,0,1.323819874851601e-10,6,2025-10-06T15:14:11,0
8,4,10.0,2,100000,2,0,1.079628682918983e-10,6,2025-10-06T15:14:11,4
8,4,10.0,2,100000,2,0,1.372227075138484e-10,6,2025-10-06T15:14:11,7
8,4,10.0,2,100000,2,0,1.254353177977682e-10,5,2025-10-06T15:14:11,3
8,4,10.0,2,100000,2,0,2.2614519657663084e-10,7,2025-10-06T15:14:11,2
8,4,10.0,2,100000,2,0,2.8837092789870576e-10,7,2025-10-06T15:14:11,9
8,4,10.0,2,100000,2,0,1.682699968655545e-10,9,2025-10-06T15:14:11,6
8,4,10.0,2,100000,2,0,2.1456274921403922e-10,7,2025-10-06T15:14:11,8
8,4,10.0,2,100000,2,0,2.4770239484999276e-10,9,2025-10-06T15:14:11,1
8,4,10.0,2,100000,2,0,2.0292287722467415e-10,10,2025-10-06T15:14:11,10
8,4,10.0,2,100000,2,0,1.249415198923721e-10,12,2025-10-06T15:14:11,5
8,4,10.0,2,100000,2,1,1.9311819389451842e-10,6,2025-10-06T15:14:11,0
8,4,10.0,2,100000,2,1,1.0286193851334282e-10,6,2025-10-06T15:14:11,3
8,4,10.0,2,100000,2,1,3.1159412127273587e-10,9,2025-10-06T15:14:11,4
8,4,10.0,2,100000,2,1,1.0966185192766467e-10,7,2025-10-06T15:14:11,2
8,4,10.0,2,100000,2,1,2.723896217744316e-10,10,2025-10-06T15:14:11,7
8,4,10.0,2,100000,2,1,7.932472149975177e-11,6,2025-10-06T15:14:11,8
8,4,10.0,2,100000,2,1,1.9285576159557402e-10,8,2025-10-06T15:14:11,1
8,4,10.0,2,100000,2,2,1.4609014941462644e-10,6,2025-10-06T15:14:11,0
8,4,10.0,2,100000,2,1,2.893386864277826e-10,11,2025-10-06T15:14:11,9
8,4,10.0,2,100000,2,1,1.2983413602033317e-10,9,2025-10-06T15:14:11,5
8,4,10.0,2,100000,2,2,1.0145325141467919e-10,7,2025-10-06T15:14:11,4
8,4,10.0,2,100000,2,1,1.1360077987973423e-10,14,2025-10-06T15:14:11,6
8,4,10.0,2,100000,2,2,1.2317972005788975e-10,7,2025-10-06T15:14:11,8
8,4,10.0,2,100000,2,1,2.441393836153743e-10,12,2025-10-06T15:14:11,10
8,4,10.0,2,100000,2,2,2.000779027797333e-10,9,2025-10-06T15:14:11,2
8,4,10.0,2,100000,2,3,9.510514403729073e-11,6,2025-10-06T15:14:11,0
8,4,10.0,2,100000,2,2,1.3873768090197737e-10,12,2025-10-06T15:14:11,3
8,4,10.0,2,100000,2,3,1.3062820966420991e-10,6,2025-10-06T15:14:11,4
8,4,10.0,2,100000,2,2,1.7155907950354074e-10,7,2025-10-06T15:14:11,5
8,4,10.0,2,100000,2,2,2.016039156089621e-10,11,2025-10-06T15:14:11,1
8,4,10.0,2,100000,2,2,2.1112795169813753e-10,16,2025-10-06T15:14:11,7
8,4,10.0,2,100000,2,2,2.6797476782990154e-10,10,2025-10-06T15:14:11,9
8,4,10.0,2,100000,2,3,1.1195238872669224e-10,7,2025-10-06T15:14:11,2
8,4,10.0,2,100000,2,2,2.0583053576075887e-10,8,2025-10-06T15:14:11,6
8,4,10.0,2,100000,2,3,2.665602276931289e-10,5,2025-10-06T15:14:11,3
8,4,10.0,2,100000,2,2,2.7654325724195366e-10,9,2025-10-06T15:14:11,10
8,4,10.0,2,100000,2,4,2.1953104297924705e-10,5,2025-10-06T15:14:11,4
8,4,10.0,2,100000,2,4,2.6896192157922385e-10,8,2025-10-06T15:14:11,0
8,4,10.0,2,100000,2,3,1.3466174760602396e-10,10,2025-10-06T15:14:11,8
8,4,10.0,2,100000,2,3,1.8053004285250168e-10,6,2025-10-06T15:14:11,5
8,4,10.0,2,100000,2,5,1.5053273282789834e-10,3,2025-10-06T15:14:11,0
8,4,10.0,2,100000,2,3,1.6781657082872094e-10,8,2025-10-06T15:14:11,9
8,4,10.0,2,100000,2,3,4.795297641398156e-10,8,2025-10-06T15:14:11,1
8,4,10.0,2,100000,2,5,2.632499533179918e-10,7,2025-10-06T15:14:11,4
8,4,10.0,2,100000,2,4,1.0400871275865692e-10,12,2025-10-06T15:14:11,2
8,4,10.0,2,100000,2,3,1.0104657527691369e-10,9,2025-10-06T15:14:11,6
8,4,10.0,2,100000,2,6,1.5079964926941436e-10,5,2025-10-06T15:14:11,0
8,4,10.0,2,100000,2,3,3.425936601234947e-10,11,2025-10-06T15:14:11,10
8,4,10.0,2,100000,2,4,1.2780217719641336e-10,9,2025-10-06T15:14:11,8
8,4,10.0,2,100000,2,3,1.9370458918147654e-10,11,2025-10-06T15:14:11,7
8,4,10.0,2,100000,2,4,1.865121567376707e-10,12,2025-10-06T15:14:11,5
8,4,10.0,2,100000,2,4,2.694816917754257e-10,11,2025-10-06T15:14:11,3
8,4,10.0,2,100000,2,4,1.390263024213394e-10,5,2025-10-06T15:14:11,1
8,4,10.0,2,100000,2,6,1.5118414599798397e-10,6,2025-10-06T15:14:11,4
8,4,10.0,2,100000,2,4,1.809751038024407e-10,3,2025-10-06T15:14:11,7
8,4,10.0,2,100000,2,4,1.6210935434594797e-10,7,2025-10-06T15:14:11,9
8,4,10.0,2,100000,2,4,1.183274351527852e-10,6,2025-10-06T15:14:11,10
8,4,10.0,2,100000,2,5,1.137375025130389e-10,9,2025-10-06T15:14:11,2
8,4,10.0,2,100000,2,5,1.1763043593164596e-10,3,2025-10-06T15:14:12,3
8,4,10.0,2,100000,2,5,1.4316843166056448e-10,7,2025-10-06T15:14:12,8
8,4,10.0,2,100000,2,7,3.356180661182503e-10,10,2025-10-06T15:14:12,0
8,4,10.0,2,100000,2,4,1.745222757970957e-10,13,2025-10-06T15:14:12,6
8,4,10.0,2,100000,2,5,1.0844266059064512e-10,4,2025-10-06T15:14:12,10
8,4,10.0,2,100000,2,7,1.6145236680510663e-10,6,2025-10-06T15:14:12,4
8,4,10.0,2,100000,2,6,1.0807531610662825e-10,7,2025-10-06T15:14:12,2
8,4,10.0,2,100000,2,5,1.8943053506454678e-10,7,2025-10-06T15:14:12,1
8,4,10.0,2,100000,2,5,2.4130746637950663e-10,10,2025-10-06T15:14:12,5
8,4,10.0,2,100000,2,6,2.820769268140961e-10,6,2025-10-06T15:14:12,3
8,4,10.0,2,100000,2,5,4.2184366545094274e-10,14,2025-10-06T15:14:12,9
8,4,10.0,2,100000,2,5,2.4670721625880586e-10,11,2025-10-06T15:14:12,7
8,4,10.0,2,100000,2,6,2.964494713204965e-10,6,2025-10-06T15:14:12,8
8,4,10.0,2,100000,2,7,1.0369091925241648e-10,2,2025-10-06T15:14:12,3
8,4,10.0,2,100000,2,6,3.0135969498854015e-10,6,2025-10-06T15:14:12,10
8,4,10.0,2,100000,2,8,1.6532267373906092e-10,6,2025-10-06T15:14:12,4
8,4,10.0,2,100000,2,6,1.0522323852879923e-10,5,2025-10-06T15:14:12,5
8,4,10.0,2,100000,2,8,2.4689054163523814e-10,8,2025-10-06T15:14:12,0
8,4,10.0,2,100000,2,7,4.0625252177671326e-10,8,2025-10-06T15:14:12,2
8,4,10.0,2,100000,2,7,1.316293588244774e-10,6,2025-10-06T15:14:12,8
8,4,10.0,2,100000,2,8,1.7538364804868837e-10,4,2025-10-06T15:14:12,3
8,4,10.0,2,100000,2,9,2.220617837518899e-10,6,2025-10-06T15:14:12,4
8,4,10.0,2,100000,2,6,1.7574157623710965e-10,11,2025-10-06T15:14:12,1
8,4,10.0,2,100000,2,7,1.0114625456947109e-10,6,2025-10-06T15:14:12,10
8,4,10.0,2,100000,2,9,7.760162052463665e-11,7,2025-10-06T15:14:12,0
8,4,10.0,2,100000,2,5,2.360379682657306e-10,11,2025-10-06T15:14:12,6
8,4,10.0,2,100000,2,6,2.606086991405135e-10,8,2025-10-06T15:14:12,7
8,4,10.0,2,100000,2,7,1.0803708870939424e-10,7,2025-10-06T15:14:12,5
8,4,10.0,2,100000,2,8,1.4986728531718163e-10,5,2025-10-06T15:14:12,2
8,4,10.0,2,100000,2,8,2.6792349086511116e-10,9,2025-10-06T15:14:12,8
8,4,10.0,2,100000,2,6,1.5107945004839272e-10,11,2025-10-06T15:14:12,9
8,4,10.0,2,100000,2,8,1.746726083649027e-10,6,2025-10-06T15:14:12,10
8,4,10.0,2,100000,2,6,1.3941726864523334e-10,6,2025-10-06T15:14:12,6
8,4,10.0,2,100000,2,9,1.9581143873028755e-10,9,2025-10-06T15:14:12,3
8,4,10.0,2,100000,2,7,1.2961479107045559e-10,9,2025-10-06T15:14:12,1
8,4,10.0,2,100000,2,9,2.591423411288956e-10,7,2025-10-06T15:14:12,2
8,4,10.0,2,100000,2,8,1.5629966916116906e-10,9,2025-10-06T15:14:12,5
8,4,10.0,2,100000,2,9,1.0101899117809932e-10,9,2025-10-06T15:14:12,8
8,4,10.0,2,100000,2,9,5.068516533658008e-10,8,2025-10-06T15:14:12,10
8,4,10.0,2,100000,2,9,5.631554651978364e-11,6,2025-10-06T15:14:12,5
8,4,10.0,2,100000,2,7,1.5477630676318876e-10,11,2025-10-06T15:14:12,7
8,4,10.0,2,100000,2,7,3.2892462600065994e-10,9,2025-10-06T15:14:12,9
8,4,10.0,2,100000,2,7,2.2848002200163086e-10,8,2025-10-06T15:14:12,6
8,4,10.0,2,100000,2,8,5.3159503727897256e-11,5,2025-10-06T15:14:12,7
8,4,10.0,2,100000,2,8,2.842129607275581e-10,11,2025-10-06T15:14:12,1
8,4,10.0,2,100000,2,8,4.589600979914184e-11,5,2025-10-06T15:14:12,9
8,4,10.0,2,100000,2,9,1.0958257512887596e-10,4,2025-10-06T15:14:12,1
8,4,10.0,2,100000,2,8,1.8343665998796563e-10,11,2025-10-06T15:14:12,6
8,4,10.0,2,100000,2,9,1.4696355877073492e-10,7,2025-10-06T15:14:12,7
8,4,10.0,2,100000,2,9,5.385020016435299e-11,4,2025-10-06T15:14:12,6
8,4,10.0,2,100000,2,9,1.2981871159582606e-10,8,2025-10-06T15:14:12,9
10,4,10.0,2,100000,2,0,1.8546281370292264e-10,5,2025-10-06T15:14:12,9
10,4,10.0,2,100000,2,0,4.0794574831054265e-10,8,2025-10-06T15:14:12,0
10,4,10.0,2,100000,2,0,2.387036630311035e-10,8,2025-10-06T15:14:12,7
10,4,10.0,2,100000,2,0,2.0433197332693003e-10,10,2025-10-06T15:14:12,5
10,4,10.0,2,100000,2,0,4.31973049650606e-10,11,2025-10-06T15:14:12,2
10,4,10.0,2,100000,2,0,2.8838948153950217e-10,10,2025-10-06T15:14:12,10
10,4,10.0,2,100000,2,0,2.62487054689411e-10,11,2025-10-06T15:14:12,4
10,4,10.0,2,100000,2,0,5.280580937345625e-10,13,2025-10-06T15:14:12,6
10,4,10.0,2,100000,2,1,2.835581588862683e-10,8,2025-10-06T15:14:12,9
10,4,10.0,2,100000,2,1,1.1208704294236719e-10,5,2025-10-06T15:14:12,7
10,4,10.0,2,100000,2,0,3.431985325839364e-10,16,2025-10-06T15:14:12,8
10,4,10.0,2,100000,2,0,3.8999197909765777e-10,13,2025-10-06T15:14:12,1
10,4,10.0,2,100000,2,1,1.4429213190015857e-10,5,2025-10-06T15:14:12,2
10,4,10.0,2,100000,2,1,1.9221136556317305e-10,8,2025-10-06T15:14:12,10
10,4,10.0,2,100000,2,0,5.81148414462132e-10,18,2025-10-06T15:14:12,3
10,4,10.0,2,100000,2,1,2.3158757452895233e-10,12,2025-10-06T15:14:12,0
10,4,10.0,2,100000,2,1,2.359499505739008e-10,9,2025-10-06T15:14:12,4
10,4,10.0,2,100000,2,1,3.0696216486293723e-10,12,2025-10-06T15:14:12,5
10,4,10.0,2,100000,2,2,2.2732148662012396e-10,7,2025-10-06T15:14:12,2
10,4,10.0,2,100000,2,2,3.0248966926519864e-10,9,2025-10-06T15:14:12,7
10,4,10.0,2,100000,2,1,2.3774182107780924e-10,12,2025-10-06T15:14:12,6
10,4,10.0,2,100000,2,2,4.471409542467517e-10,11,2025-10-06T15:14:12,9
10,4,10.0,2,100000,2,1,2.3295161231305527e-10,12,2025-10-06T15:14:12,8
10,4,10.0,2,100000,2,2,3.987876408960798e-10,7,2025-10-06T15:14:12,0
10,4,10.0,2,100000,2,1,7.024969695305562e-10,10,2025-10-06T15:14:12,3
10,4,10.0,2,100000,2,1,1.7699590193017746e-10,14,2025-10-06T15:14:12,1
10,4,10.0,2,100000,2,2,2.2728793152322627e-10,14,2025-10-06T15:14:12,10
10,4,10.0,2,100000,2,3,2.589653562845135e-10,9,2025-10-06T15:14:12,2
10,4,10.0,2,100000,2,3,2.2026333735411664e-10,7,2025-10-06T15:14:12,7
10,4,10.0,2,100000,2,3,7.380649455054733e-11,6,2025-10-06T15:14:12,9
10,4,10.0,2,100000,2,2,3.4094987109967984e-10,14,2025-10-06T15:14:12,4
10,4,10.0,2,100000,2,2,3.05878704296856e-10,9,2025-10-06T15:14:12,6
10,4,10.0,2,100000,2,2,3.1569429304751805e-10,8,2025-10-06T15:14:12,8
10,4,10.0,2,100000,2,3,3.2278440569412254e-10,9,2025-10-06T15:14:12,0
10,4,10.0,2,100000,2,2,3.301096915301827e-10,10,2025-10-06T15:14:12,3
10,4,10.0,2,100000,2,4,2.870578980054769e-10,4,2025-10-06T15:14:12,0
10,4,10.0,2,100000,2,2,6.869722788815224e-10,19,2025-10-06T15:14:12,5
10,4,10.0,2,100000,2,2,5.930915374557982e-10,11,2025-10-06T15:14:12,1
10,4,10.0,2,100000,2,3,4.213779115273513e-10,10,2025-10-06T15:14:12,10
10,4,10.0,2,100000,2,4,3.9218706336103113e-10,10,2025-10-06T15:14:12,7
10,4,10.0,2,100000,2,4,4.135851374730572e-10,10,2025-10-06T15:14:12,9
10,4,10.0,2,100000,2,4,2.7273635355664394e-10,9,2025-10-06T15:14:12,2
10,4,10.0,2,100000,2,3,2.918063191894331e-10,9,2025-10-06T15:14:12,4
10,4,10.0,2,100000,2,3,1.2946850594440788e-10,9,2025-10-06T15:14:12,8
10,4,10.0,2,100000,2,5,2.0100653047187615e-10,5,2025-10-06T15:14:12,0
10,4,10.0,2,100000,2,5,4.020812095291039e-10,5,2025-10-06T15:14:12,7
10,4,10.0,2,100000,2,5,4.22922115035599e-10,6,2025-10-06T15:14:12,9
10,4,10.0,2,100000,2,3,2.370063041822796e-10,12,2025-10-06T15:14:12,3
10,4,10.0,2,100000,2,5,1.2798459391805895e-10,7,2025-10-06T15:14:12,2
10,4,10.0,2,100000,2,3,3.957908696438596e-10,16,2025-10-06T15:14:12,6
10,4,10.0,2,100000,2,3,3.172409299751505e-10,13,2025-10-06T15:14:12,1
10,4,10.0,2,100000,2,3,2.3288233963895495e-10,10,2025-10-06T15:14:12,5
10,4,10.0,2,100000,2,4,1.5806148805708461e-10,9,2025-10-06T15:14:12,4
10,4,10.0,2,100000,2,4,4.300153342319515e-10,13,2025-10-06T15:14:12,10
10,4,10.0,2,100000,2,4,3.3269383552197086e-10,6,2025-10-06T15:14:12,6
10,4,10.0,2,100000,2,4,2.4189699450806464e-10,11,2025-10-06T15:14:12,8
10,4,10.0,2,100000,2,6,2.382782954470164e-10,10,2025-10-06T15:14:12,7
10,4,10.0,2,100000,2,6,2.54463928540614e-10,11,2025-10-06T15:14:12,9
10,4,10.0,2,100000,2,6,2.3967662247443086e-10,13,2025-10-06T15:14:12,2
10,4,10.0,2,100000,2,5,9.704645240591926e-11,9,2025-10-06T15:14:12,4
10,4,10.0,2,100000,2,4,2.3194657534973246e-10,10,2025-10-06T15:14:12,5
10,4,10.0,2,100000,2,5,3.106371728920454e-10,4,2025-10-06T15:14:12,8
10,4,10.0,2,100000,2,6,4.3492265133964185e-10,15,2025-10-06T15:14:12,0
10,4,10.0,2,100000,2,4,2.0757009878428047e-10,10,2025-10-06T15:14:13,1
10,4,10.0,2,100000,2,4,4.2149849022402516e-10,14,2025-10-06T15:14:13,3
10,4,10.0,2,100000,2,7,2.4413822905009765e-10,7,2025-10-06T15:14:13,9
10,4,10.0,2,100000,2,7,3.871494270139962e-10,10,2025-10-06T15:14:13,7
10,4,10.0,2,100000,2,5,5.547171419040726e-10,9,2025-10-06T15:14:13,6
10,4,10.0,2,100000,2,5,6.249243043575991e-10,12,2025-10-06T15:14:13,10
10,4,10.0,2,100000,2,5,1.24971143796566e-10,4,2025-10-06T15:14:13,1
10,4,10.0,2,100000,2,6,1.182296425521513e-10,8,2025-10-06T15:14:13,8
10,4,10.0,2,100000,2,7,2.3597025020532576e-10,9,2025-10-06T15:14:13,2
10,4,10.0,2,100000,2,5,3.5480265929893575e-10,11,2025-10-06T15:14:13,5
10,4,10.0,2,100000,2,6,1.9939399445744413e-10,12,2025-10-06T15:14:13,4
10,4,10.0,2,100000,2,5,2.979816959263861e-10,11,2025-10-06T15:14:13,3
10,4,10.0,2,100000,2,8,3.756368853735138e-10,9,2025-10-06T15:14:13,9
10,4,10.0,2,100000,2,6,2.3722373784188904e-10,8,2025-10-06T15:14:13,10
10,4,10.0,2,100000,2,7,6.105438524733624e-10,14,2025-10-06T15:14:13,0
10,4,10.0,2,100000,2,7,1.1588002982843886e-10,5,2025-10-06T15:14:13,8
10,4,10.0,2,100000,2,8,1.6830668431650697e-10,10,2025-10-06T15:14:13,2
10,4,10.0,2,100000,2,6,1.545417372933224e-10,12,2025-10-06T15:14:13,1
10,4,10.0,2,100000,2,8,3.1499958191805486e-10,13,2025-10-06T15:14:13,7
10,4,10.0,2,100000,2,6,2.250250654162923e-10,6,2025-10-06T15:14:13,3
10,4,10.0,2,100000,2,6,4.0326442925399677e-10,14,2025-10-06T15:14:13,6
10,4,10.0,2,100000,2,6,6.284835136339637e-10,11,2025-10-06T15:14:13,5
10,4,10.0,2,100000,2,7,1.471927320637112e-10,7,2025-10-06T15:14:13,10
10,4,10.0,2,100000,2,9,1.2989679745795352e-10,9,2025-10-06T15:14:13,9
10,4,10.0,2,100000,2,8,1.5018816720893945e-10,6,2025-10-06T15:14:13,8
10,4,10.0,2,100000,2,7,1.1645252742929166e-10,2,2025-10-06T15:14:13,6
10,4,10.0,2,100000,2,7,3.631588234425221e-10,13,2025-10-06T15:14:13,4
10,4,10.0,2,100000,2,8,1.4049541633872624e-10,6,2025-10-06T15:14:13,6
10,4,10.0,2,100000,2,7,2.0576624637047716e-10,9,2025-10-06T15:14:13,5
10,4,10.0,2,100000,2,7,3.7712960246420377e-10,12,2025-10-06T15:14:13,1
10,4,10.0,2,100000,2,9,2.2821824715663504e-10,10,2025-10-06T15:14:13,2
10,4,10.0,2,100000,2,8,2.7803106370255574e-10,5,2025-10-06T15:14:13,4
10,4,10.0,2,100000,2,8,1.582054784005962e-10,12,2025-10-06T15:14:13,0
10,4,10.0,2,100000,2,9,1.313834471740354e-10,8,2025-10-06T15:14:13,8
10,4,10.0,2,100000,2,9,3.585173395174674e-10,14,2025-10-06T15:14:13,7
10,4,10.0,2,100000,2,7,5.932362373701646e-10,15,2025-10-06T15:14:13,3
10,4,10.0,2,100000,2,8,2.6116084624029503e-10,15,2025-10-06T15:14:13,10
10,4,10.0,2,100000,2,9,2.42174215540971e-10,8,2025-10-06T15:14:13,0
10,4,10.0,2,100000,2,9,2.0910120896579815e-10,9,2025-10-06T15:14:13,6
10,4,10.0,2,100000,2,9,3.899498697611241e-10,10,2025-10-06T15:14:13,4
10,4,10.0,2,100000,2,8,3.520947313949827e-10,9,2025-10-06T15:14:13,1
10,4,10.0,2,100000,2,8,2.599411365476107e-10,12,2025-10-06T15:14:13,5
10,4,10.0,2,100000,2,8,3.5781639133885206e-10,9,2025-10-06T15:14:13,3
10,4,10.0,2,100000,2,9,5.343058127248733e-10,8,2025-10-06T15:14:13,5
10,4,10.0,2,100000,2,9,5.348210051349491e-10,15,2025-10-06T15:14:13,1
10,4,10.0,2,100000,2,9,1.7567604298596215e-10,16,2025-10-06T15:14:13,10
10,4,10.0,2,100000,2,9,2.67279730154563e-10,10,2025-10-06T15:14:13,3
12,4,10.0,2,100000,2,0,6.419051270431181e-10,11,2025-10-06T15:14:13,7
12,4,10.0,2,100000,2,0,6.397755792711372e-10,13,2025-10-06T15:14:13,4
12,4,10.0,2,100000,2,0,4.81473004339872e-10,10,2025-10-06T15:14:13,8
12,4,10.0,2,100000,2,0,3.423144349561722e-10,11,2025-10-06T15:14:13,3
12,4,10.0,2,100000,2,0,8.987414390664692e-10,14,2025-10-06T15:14:13,0
12,4,10.0,2,100000,2,0,5.393820545344206e-10,15,2025-10-06T15:14:13,6
12,4,10.0,2,100000,2,0,4.067036466470069e-10,13,2025-10-06T15:14:13,10
12,4,10.0,2,100000,2,0,6.216779665001137e-10,13,2025-10-06T15:14:13,5
12,4,10.0,2,100000,2,0,3.1605611517537687e-10,15,2025-10-06T15:14:13,9
12,4,10.0,2,100000,2,0,7.681636530146228e-10,18,2025-10-06T15:14:13,2
12,4,10.0,2,100000,2,1,2.489446694878742e-10,8,2025-10-06T15:14:13,3
12,4,10.0,2,100000,2,0,5.081274964762046e-10,21,2025-10-06T15:14:13,1
12,4,10.0,2,100000,2,1,3.3683254567847807e-10,9,2025-10-06T15:14:13,5
12,4,10.0,2,100000,2,1,8.460875385178202e-10,13,2025-10-06T15:14:14,8
12,4,10.0,2,100000,2,1,8.905812448301377e-10,13,2025-10-06T15:14:14,0
12,4,10.0,2,100000,2,1,8.051407769325126e-10,12,2025-10-06T15:14:14,10
12,4,10.0,2,100000,2,1,6.74875473484351e-10,17,2025-10-06T15:14:14,7
12,4,10.0,2,100000,2,1,7.773932483354391e-10,15,2025-10-06T15:14:14,4
12,4,10.0,2,100000,2,1,8.024536587061174e-10,14,2025-10-06T15:14:14,9
12,4,10.0,2,100000,2,1,7.438192825999269e-10,12,2025-10-06T15:14:14,2
12,4,10.0,2,100000,2,1,6.342970824393196e-10,18,2025-10-06T15:14:14,6
12,4,10.0,2,100000,2,2,3.003914607547259e-10,11,2025-10-06T15:14:14,3
12,4,10.0,2,100000,2,2,8.010459220067659e-10,6,2025-10-06T15:14:14,4
12,4,10.0,2,100000,2,1,8.563784978571118e-10,15,2025-10-06T15:14:14,1
12,4,10.0,2,100000,2,2,1.5883972195787678e-10,4,2025-10-06T15:14:14,6
12,4,10.0,2,100000,2,2,4.924890509204813e-10,13,2025-10-06T15:14:14,5
12,4,10.0,2,100000,2,2,4.852680546699861e-10,12,2025-10-06T15:14:14,8
12,4,10.0,2,100000,2,2,4.406268037454842e-10,13,2025-10-06T15:14:14,7
12,4,10.0,2,100000,2,2,5.645338838704347e-10,15,2025-10-06T15:14:14,2
12,4,10.0,2,100000,2,2,8.815089447509738e-10,15,2025-10-06T15:14:14,10
12,4,10.0,2,100000,2,2,4.78014265198718e-10,17,2025-10-06T15:14:14,0
12,4,10.0,2,100000,2,3,5.841175375187825e-10,11,2025-10-06T15:14:14,3
12,4,10.0,2,100000,2,2,5.862105350370112e-10,18,2025-10-06T15:14:14,9
12,4,10.0,2,100000,2,3,7.677775388467438e-10,13,2025-10-06T15:14:14,4
12,4,10.0,2,100000,2,3,4.785843749626836e-10,11,2025-10-06T15:14:14,5
12,4,10.0,2,100000,2,3,3.307071614139947e-10,13,2025-10-06T15:14:14,6
12,4,10.0,2,100000,2,2,5.134736658851929e-10,16,2025-10-06T15:14:14,1
12,4,10.0,2,100000,2,3,3.810491440859407e-10,11,2025-10-06T15:14:14,2
12,4,10.0,2,100000,2,3,4.246927967964742e-10,19,2025-10-06T15:14:14,8
12,4,10.0,2,100000,2,4,3.662737028339459e-10,9,2025-10-06T15:14:14,6
12,4,10.0,2,100000,2,3,6.344152774989394e-10,15,2025-10-06T15:14:14,7
12,4,10.0,2,100000,2,3,4.557160705607265e-10,16,2025-10-06T15:14:14,0
12,4,10.0,2,100000,2,4,2.507225050724301e-10,9,2025-10-06T15:14:14,5
12,4,10.0,2,100000,2,3,3.8612609078520093e-10,14,2025-10-06T15:14:14,9
12,4,10.0,2,100000,2,4,4.1112549732294427e-10,13,2025-10-06T15:14:14,4
12,4,10.0,2,100000,2,4,5.78467185938883e-10,16,2025-10-06T15:14:14,3
12,4,10.0,2,100000,2,3,3.8445483111067946e-10,19,2025-10-06T15:14:14,10
12,4,10.0,2,100000,2,3,3.908100198668936e-10,13,2025-10-06T15:14:14,1
12,4,10.0,2,100000,2,4,1.8320611075553824e-10,7,2025-10-06T15:14:14,8
12,4,10.0,2,100000,2,4,4.5436110294283773e-10,13,2025-10-06T15:14:14,2
12,4,10.0,2,100000,2,5,5.557667943578919e-10,8,2025-10-06T15:14:14,6
12,4,10.0,2,100000,2,4,2.841181570431774e-10,9,2025-10-06T15:14:14,9
12,4,10.0,2,100000,2,4,5.004037750537861e-10,8,2025-10-06T15:14:14,10
12,4,10.0,2,100000,2,4,5.773111628602273e-10,12,2025-10-06T15:14:14,7
12,4,10.0,2,100000,2,5,2.3662286984513077e-10,9,2025-10-06T15:14:14,4
12,4,10.0,2,100000,2,4,3.830140950077552e-10,9,2025-10-06T15:14:14,1
12,4,10.0,2,100000,2,5,4.802360314821441e-10,13,2025-10-06T15:14:14,5
12,4,10.0,2,100000,2,5,2.6109362937313096e-10,6,2025-10-06T15:14:14,2
12,4,10.0,2,100000,2,4,5.176297258847864e-10,16,2025-10-06T15:14:14,0
12,4,10.0,2,100000,2,5,2.877704523111412e-10,8,2025-10-06T15:14:14,10
12,4,10.0,2,100000,2,5,3.6161962791334746e-10,17,2025-10-06T15:14:14,8
12,4,10.0,2,100000,2,5,9.230482905644267e-10,18,2025-10-06T15:14:14,3
12,4,10.0,2,100000,2,6,7.767182841102657e-10,8,2025-10-06T15:14:14,5
12,4,10.0,2,100000,2,6,8.935293725254665e-10,14,2025-10-06T15:14:14,6
12,4,10.0,2,100000,2,5,4.611137452913712e-10,14,2025-10-06T15:14:14,7
12,4,10.0,2,100000,2,5,4.3680970878776936e-10,14,2025-10-06T15:14:14,9
12,4,10.0,2,100000,2,6,4.183688270538588e-10,6,2025-10-06T15:14:15,8
12,4,10.0,2,100000,2,5,3.705713318122787e-10,14,2025-10-06T15:14:15,1
12,4,10.0,2,100000,2,6,3.089168500175983e-10,15,2025-10-06T15:14:15,2
12,4,10.0,2,100000,2,6,2.8914643167550034e-10,5,2025-10-06T15:14:15,7
12,4,10.0,2,100000,2,6,3.742053721599205e-10,11,2025-10-06T15:14:15,10
12,4,10.0,2,100000,2,6,6.93551028701291e-10,9,2025-10-06T15:14:15,3
12,4,10.0,2,100000,2,6,1.3249633920675226e-09,21,2025-10-06T15:14:15,4
12,4,10.0,2,100000,2,5,5.525125410156462e-10,15,2025-10-06T15:14:15,0
12,4,10.0,2,100000,2,6,3.3128866803148537e-10,9,2025-10-06T15:14:15,9
12,4,10.0,2,100000,2,7,2.7469360099067536e-10,6,2025-10-06T15:14:15,7
12,4,10.0,2,100000,2,7,4.595994054098698e-10,15,2025-10-06T15:14:15,6
12,4,10.0,2,100000,2,7,5.6578337844057e-10,15,2025-10-06T15:14:15,5
12,4,10.0,2,100000,2,7,4.9528463297739e-10,9,2025-10-06T15:14:15,10
12,4,10.0,2,100000,2,7,4.5261674427581145e-10,11,2025-10-06T15:14:15,4
12,4,10.0,2,100000,2,7,4.312144083089991e-10,16,2025-10-06T15:14:15,8
12,4,10.0,2,100000,2,7,2.8055945179218553e-10,13,2025-10-06T15:14:15,3
12,4,10.0,2,100000,2,6,7.835841975953903e-10,15,2025-10-06T15:14:15,1
12,4,10.0,2,100000,2,8,7.275328508599665e-10,8,2025-10-06T15:14:15,7
12,4,10.0,2,100000,2,6,3.643830331237674e-10,13,2025-10-06T15:14:15,0
12,4,10.0,2,100000,2,7,4.120964580768249e-10,17,2025-10-06T15:14:15,2
12,4,10.0,2,100000,2,7,3.7745571086217694e-10,17,2025-10-06T15:14:15,9
12,4,10.0,2,100000,2,8,4.1095249041709604e-10,9,2025-10-06T15:14:15,10
12,4,10.0,2,100000,2,8,7.285129108354194e-10,14,2025-10-06T15:14:15,6
12,4,10.0,2,100000,2,8,7.999472014819436e-10,10,2025-10-06T15:14:15,3
12,4,10.0,2,100000,2,8,7.233149147820631e-10,12,2025-10-06T15:14:15,8
12,4,10.0,2,100000,2,8,4.968561673331772e-10,15,2025-10-06T15:14:15,4
12,4,10.0,2,100000,2,8,9.526255832286311e-10,17,2025-10-06T15:14:15,5
12,4,10.0,2,100000,2,7,4.809792556986526e-10,10,2025-10-06T15:14:15,0
12,4,10.0,2,100000,2,9,6.450395926899707e-10,16,2025-10-06T15:14:15,7
12,4,10.0,2,100000,2,7,5.831274338423085e-10,17,2025-10-06T15:14:15,1
12,4,10.0,2,100000,2,8,2.909273771111707e-10,14,2025-10-06T15:14:15,2
12,4,10.0,2,100000,2,9,5.477534440045644e-10,11,2025-10-06T15:14:15,10
12,4,10.0,2,100000,2,8,5.53358668633166e-10,15,2025-10-06T15:14:15,9
12,4,10.0,2,100000,2,9,7.403787584601388e-10,12,2025-10-06T15:14:15,6
12,4,10.0,2,100000,2,9,8.128306974405271e-10,12,2025-10-06T15:14:15,8
12,4,10.0,2,100000,2,9,3.633582232929895e-10,13,2025-10-06T15:14:15,5
12,4,10.0,2,100000,2,8,7.90664258754198e-10,10,2025-10-06T15:14:15,1
12,4,10.0,2,100000,2,8,6.540594078446e-10,14,2025-10-06T15:14:15,0
12,4,10.0,2,100000,2,9,5.631535349112975e-10,15,2025-10-06T15:14:15,4
12,4,10.0,2,100000,2,9,3.936693443502815e-10,11,2025-10-06T15:14:15,2
12,4,10.0,2,100000,2,9,5.900567536079404e-10,19,2025-10-06T15:14:15,3
12,4,10.0,2,100000,2,9,3.0628744529672336e-10,17,2025-10-06T15:14:15,9
12,4,10.0,2,100000,2,9,4.0416775361885e-10,13,2025-10-06T15:14:15,1
12,4,10.0,2,100000,2,9,4.3110703456601054e-10,14,2025-10-06T15:14:15,0
14,4,10.0,2,100000,2,0,1.3927912873288825e-09,14,2025-10-06T15:14:16,5
14,4,10.0,2,100000,2,0,7.92249841032684e-10,13,2025-10-06T15:14:16,8
14,4,10.0,2,100000,2,0,9.052009281351772e-10,12,2025-10-06T15:14:16,1
14,4,10.0,2,100000,2,0,5.207748548070097e-10,11,2025-10-06T15:14:16,4
14,4,10.0,2,100000,2,0,9.036424696330868e-10,14,2025-10-06T15:14:16,6
14,4,10.0,2,100000,2,0,6.659836866646294e-10,15,2025-10-06T15:14:16,9
14,4,10.0,2,100000,2,0,8.614937664202455e-10,16,2025-10-06T15:14:16,7
14,4,10.0,2,100000,2,0,8.645482273631258e-10,14,2025-10-06T15:14:16,0
14,4,10.0,2,100000,2,0,6.386713932355813e-10,14,2025-10-06T15:14:16,3
14,4,10.0,2,100000,2,0,7.431685451023569e-10,16,2025-10-06T15:14:16,10
14,4,10.0,2,100000,2,1,6.824171941120484e-10,7,2025-10-06T15:14:16,9
14,4,10.0,2,100000,2,1,4.748426561209372e-10,8,2025-10-06T15:14:16,1
14,4,10.0,2,100000,2,0,1.4306911632917704e-09,23,2025-10-06T15:14:16,2
14,4,10.0,2,100000,2,1,6.216813779073315e-10,11,2025-10-06T15:14:17,7
14,4,10.0,2,100000,2,1,6.328504104555777e-10,15,2025-10-06T15:14:17,4
14,4,10.0,2,100000,2,1,8.862475991881529e-10,13,2025-10-06T15:14:17,3
14,4,10.0,2,100000,2,1,8.596100513011632e-10,18,2025-10-06T15:14:17,5
14,4,10.0,2,100000,2,1,8.07493069222756e-10,16,2025-10-06T15:14:17,0
14,4,10.0,2,100000,2,1,6.773869864151929e-10,16,2025-10-06T15:14:17,8
14,4,10.0,2,100000,2,1,5.476123930828463e-10,16,2025-10-06T15:14:17,6
14,4,10.0,2,100000,2,1,6.118885595098421e-10,17,2025-10-06T15:14:17,10
14,4,10.0,2,100000,2,1,5.641816936249012e-10,14,2025-10-06T15:14:17,2
14,4,10.0,2,100000,2,2,7.07176184118173e-10,13,2025-10-06T15:14:17,1
14,4,10.0,2,100000,2,2,1.023686797040723e-09,13,2025-10-06T15:14:17,5
14,4,10.0,2,100000,2,2,8.499911514498311e-10,13,2025-10-06T15:14:17,3
14,4,10.0,2,100000,2,2,7.568274660739326e-10,14,2025-10-06T15:14:17,0
14,4,10.0,2,100000,2,2,9.266297461763489e-10,22,2025-10-06T15:14:17,9
14,4,10.0,2,100000,2,2,7.547673117463096e-10,15,2025-10-06T15:14:17,6
14,4,10.0,2,100000,2,2,1.2215132262745838e-09,18,2025-10-06T15:14:17,4
14,4,10.0,2,100000,2,2,8.605192414176731e-10,18,2025-10-06T15:14:17,7
14,4,10.0,2,100000,2,2,6.979001710649157e-10,9,2025-10-06T15:14:17,2
14,4,10.0,2,100000,2,2,6.913989900954308e-10,12,2025-10-06T15:14:17,10
14,4,10.0,2,100000,2,3,8.816297876514449e-10,10,2025-10-06T15:14:17,1
14,4,10.0,2,100000,2,2,1.3331732705714527e-09,22,2025-10-06T15:14:17,8
14,4,10.0,2,100000,2,3,8.951448605587216e-10,11,2025-10-06T15:14:18,5
14,4,10.0,2,100000,2,3,4.5586235253468234e-10,12,2025-10-06T15:14:18,0
14,4,10.0,2,100000,2,3,6.77304690772542e-10,12,2025-10-06T15:14:18,4
14,4,10.0,2,100000,2,3,7.845168461437154e-10,12,2025-10-06T15:14:18,7
14,4,10.0,2,100000,2,3,3.8335834797309245e-10,14,2025-10-06T15:14:18,6
14,4,10.0,2,100000,2,3,4.663000011147923e-10,14,2025-10-06T15:14:18,9
14,4,10.0,2,100000,2,3,1.1381329422416154e-09,15,2025-10-06T15:14:18,2
14,4,10.0,2,100000,2,3,6.839640771197337e-10,11,2025-10-06T15:14:18,8
14,4,10.0,2,100000,2,3,9.504126784035126e-10,19,2025-10-06T15:14:18,3
14,4,10.0,2,100000,2,4,4.325548971597419e-10,10,2025-10-06T15:14:18,5
14,4,10.0,2,100000,2,3,1.0164698429575107e-09,18,2025-10-06T15:14:18,10
14,4,10.0,2,100000,2,4,1.3565613892257136e-09,20,2025-10-06T15:14:18,1
14,4,10.0,2,100000,2,4,4.061468351771892e-10,12,2025-10-06T15:14:18,2
14,4,10.0,2,100000,2,4,8.464404250217772e-10,17,2025-10-06T15:14:18,0
14,4,10.0,2,100000,2,4,2.155587998136822e-09,14,2025-10-06T15:14:18,6
14,4,10.0,2,100000,2,4,7.893532490216098e-10,11,2025-10-06T15:14:18,3
14,4,10.0,2,100000,2,4,6.265255874848209e-10,12,2025-10-06T15:14:18,8
14,4,10.0,2,100000,2,4,4.1476283346405484e-10,18,2025-10-06T15:14:18,4
14,4,10.0,2,100000,2,4,8.647518884016912e-10,17,2025-10-06T15:14:18,7
14,4,10.0,2,100000,2,4,1.7746324240562612e-09,19,2025-10-06T15:14:18,9
14,4,10.0,2,100000,2,5,1.3665677422831827e-09,17,2025-10-06T15:14:18,5
14,4,10.0,2,100000,2,5,5.510173834655582e-10,10,2025-10-06T15:14:19,2
14,4,10.0,2,100000,2,4,9.969894970079588e-10,16,2025-10-06T15:14:19,10
14,4,10.0,2,100000,2,5,7.821051994427121e-10,12,2025-10-06T15:14:19,8
14,4,10.0,2,100000,2,5,6.736022202114325e-10,12,2025-10-06T15:14:19,3
14,4,10.0,2,100000,2,5,9.2067477212463e-10,15,2025-10-06T15:14:19,1
14,4,10.0,2,100000,2,5,3.869035339030879e-10,13,2025-10-06T15:14:19,4
14,4,10.0,2,100000,2,5,7.930176011031185e-10,11,2025-10-06T15:14:19,7
14,4,10.0,2,100000,2,5,1.1758040478821416e-09,18,2025-10-06T15:14:19,0
14,4,10.0,2,100000,2,5,6.683995526359168e-10,17,2025-10-06T15:14:19,6
14,4,10.0,2,100000,2,6,8.083230450431448e-10,12,2025-10-06T15:14:19,5
14,4,10.0,2,100000,2,5,7.820354587381632e-10,17,2025-10-06T15:14:19,9
14,4,10.0,2,100000,2,6,9.918339305660165e-10,12,2025-10-06T15:14:19,2
14,4,10.0,2,100000,2,6,3.1586812511425405e-10,8,2025-10-06T15:14:19,4
14,4,10.0,2,100000,2,5,9.59786990691313e-10,11,2025-10-06T15:14:19,10
14,4,10.0,2,100000,2,6,6.407270731375825e-10,9,2025-10-06T15:14:19,1
14,4,10.0,2,100000,2,6,7.74960387394422e-10,11,2025-10-06T15:14:19,8
14,4,10.0,2,100000,2,6,6.910297444429963e-10,14,2025-10-06T15:14:19,7
14,4,10.0,2,100000,2,6,4.565319663690446e-10,14,2025-10-06T15:14:19,3
14,4,10.0,2,100000,2,6,5.66606362343318e-10,14,2025-10-06T15:14:19,6
14,4,10.0,2,100000,2,7,5.427456345542874e-10,9,2025-10-06T15:14:19,8
14,4,10.0,2,100000,2,7,9.107163419640066e-10,11,2025-10-06T15:14:19,2
14,4,10.0,2,100000,2,6,5.864222460514042e-10,12,2025-10-06T15:14:19,9
14,4,10.0,2,100000,2,7,6.169827529233301e-10,13,2025-10-06T15:14:19,5
14,4,10.0,2,100000,2,6,9.649247163215592e-10,21,2025-10-06T15:14:20,0
14,4,10.0,2,100000,2,6,8.386810465182973e-10,16,2025-10-06T15:14:20,10
14,4,10.0,2,100000,2,7,8.396264959832128e-10,15,2025-10-06T15:14:20,4
14,4,10.0,2,100000,2,7,7.211256590753816e-10,11,2025-10-06T15:14:20,3
14,4,10.0,2,100000,2,7,7.098443108296996e-10,13,2025-10-06T15:14:20,7
14,4,10.0,2,100000,2,7,7.431237663101084e-10,19,2025-10-06T15:14:20,1
14,4,10.0,2,100000,2,7,1.2279192939355365e-09,15,2025-10-06T15:14:20,6
14,4,10.0,2,100000,2,8,9.800993911991415e-10,15,2025-10-06T15:14:20,5
14,4,10.0,2,100000,2,8,1.0144308172758884e-09,8,2025-10-06T15:14:20,7
14,4,10.0,2,100000,2,8,7.890601572983694e-10,19,2025-10-06T15:14:20,8
14,4,10.0,2,100000,2,8,6.766649805671791e-10,10,2025-10-06T15:14:20,1
14,4,10.0,2,100000,2,8,1.075466930893796e-09,17,2025-10-06T15:14:20,2
14,4,10.0,2,100000,2,8,7.704739110511563e-10,15,2025-10-06T15:14:20,4
14,4,10.0,2,100000,2,7,1.6800197834799892e-09,20,2025-10-06T15:14:20,9
14,4,10.0,2,100000,2,7,7.585371204153937e-10,18,2025-10-06T15:14:20,0
14,4,10.0,2,100000,2,7,1.3605147039654345e-09,21,2025-10-06T15:14:20,10
14,4,10.0,2,100000,2,8,1.1424703663963451e-09,20,2025-10-06T15:14:20,3
14,4,10.0,2,100000,2,9,4.658503888700743e-10,10,2025-10-06T15:14:20,1
14,4,10.0,2,100000,2,8,1.1885593117551173e-09,18,2025-10-06T15:14:21,6
14,4,10.0,2,100000,2,9,1.466694992784224e-09,10,2025-10-06T15:14:21,8
14,4,10.0,2,100000,2,9,7.353568602080688e-10,14,2025-10-06T15:14:21,5
14,4,10.0,2,100000,2,9,1.3540689166709105e-09,16,2025-10-06T15:14:21,4
14,4,10.0,2,100000,2,8,1.1172504518903316e-09,17,2025-10-06T15:14:21,9
14,4,10.0,2,100000,2,9,1.0516040511331394e-09,23,2025-10-06T15:14:21,7
14,4,10.0,2,100000,2,9,8.340100840272037e-10,20,2025-10-06T15:14:21,2
14,4,10.0,2,100000,2,8,7.601957322702133e-10,12,2025-10-06T15:14:21,10
14,4,10.0,2,100000,2,8,1.4253457501797397e-09,16,2025-10-06T15:14:21,0
14,4,10.0,2,100000,2,9,8.456256304917278e-10,17,2025-10-06T15:14:21,3
14,4,10.0,2,100000,2,9,9.444167206534274e-10,11,2025-10-06T15:14:21,9
14,4,10.0,2,100000,2,9,1.0722482443076077e-09,19,2025-10-06T15:14:21,6
14,4,10.0,2,100000,2,9,7.79817902056256e-10,16,2025-10-06T15:14:21,10
14,4,10.0,2,100000,2,9,1.5722301014962145e-09,19,2025-10-06T15:14:21,0
16,4,10.0,2,100000,2,0,9.433123700810692e-10,12,2025-10-06T15:14:23,1
16,4,10.0,2,100000,2,0,1.1084657417860612e-09,14,2025-10-06T15:14:23,7
16,4,10.0,2,100000,2,0,1.0126128289105732e-09,13,2025-10-06T15:14:23,9
16,4,10.0,2,100000,2,0,9.36798148901689e-10,15,2025-10-06T15:14:23,8
16,4,10.0,2,100000,2,0,1.129697692044157e-09,15,2025-10-06T15:14:23,2
16,4,10.0,2,100000,2,0,9.365048930659593e-10,16,2025-10-06T15:14:23,10
16,4,10.0,2,100000,2,0,1.333782363594639e-09,16,2025-10-06T15:14:23,6
16,4,10.0,2,100000,2,0,1.6003174951340182e-09,20,2025-10-06T15:14:23,4
16,4,10.0,2,100000,2,0,2.044568466988044e-09,19,2025-10-06T15:14:24,3
16,4,10.0,2,100000,2,0,1.6541929695700967e-09,25,2025-10-06T15:14:24,0
16,4,10.0,2,100000,2,0,2.5411544784699208e-09,22,2025-10-06T15:14:24,5
16,4,10.0,2,100000,2,1,1.5689881952062466e-09,11,2025-10-06T15:14:24,7
16,4,10.0,2,100000,2,1,2.4201893185897265e-09,14,2025-10-06T15:14:24,8
16,4,10.0,2,100000,2,1,1.2817065064391466e-09,15,2025-10-06T15:14:24,1
16,4,10.0,2,100000,2,1,1.6261146268251867e-09,14,2025-10-06T15:14:25,4
16,4,10.0,2,100000,2,1,1.0421400865049661e-09,19,2025-10-06T15:14:25,10
16,4,10.0,2,100000,2,1,7.446407302650843e-10,14,2025-10-06T15:14:25,0
16,4,10.0,2,100000,2,1,2.067659922717589e-09,24,2025-10-06T15:14:25,9
16,4,10.0,2,100000,2,1,1.828435792774836e-09,21,2025-10-06T15:14:25,2
16,4,10.0,2,100000,2,1,1.1738650765244141e-09,14,2025-10-06T15:14:25,5
16,4,10.0,2,100000,2,2,9.460218140202208e-10,12,2025-10-06T15:14:25,7
16,4,10.0,2,100000,2,1,2.2833404015261915e-09,20,2025-10-06T15:14:25,6
16,4,10.0,2,100000,2,1,1.5162364252339583e-09,23,2025-10-06T15:14:25,3
16,4,10.0,2,100000,2,2,1.3215618727424391e-09,19,2025-10-06T15:14:26,1
16,4,10.0,2,100000,2,2,1.1037069877036837e-09,10,2025-10-06T15:14:26,5
16,4,10.0,2,100000,2,2,8.228863214914427e-10,14,2025-10-06T15:14:26,0
16,4,10.0,2,100000,2,2,8.675546006892514e-10,15,2025-10-06T15:14:26,10
16,4,10.0,2,100000,2,2,7.800584614215212e-10,14,2025-10-06T15:14:26,2
16,4,10.0,2,100000,2,2,1.4373726082288279e-09,20,2025-10-06T15:14:26,8
16,4,10.0,2,100000,2,2,9.606268260860024e-10,10,2025-10-06T15:14:26,3
16,4,10.0,2,100000,2,2,1.5444750322458717e-09,21,2025-10-06T15:14:26,4
16,4,10.0,2,100000,2,2,1.4714051194185385e-09,18,2025-10-06T15:14:26,9
16,4,10.0,2,100000,2,3,2.153202747149027e-09,17,2025-10-06T15:14:27,7
16,4,10.0,2,100000,2,2,2.358703705850832e-09,18,2025-10-06T15:14:27,6
16,4,10.0,2,100000,2,3,8.962345219823548e-10,12,2025-10-06T15:14:27,0
16,4,10.0,2,100000,2,3,5.522386126167298e-10,8,2025-10-06T15:14:27,3
16,4,10.0,2,100000,2,3,9.77033500824929e-10,10,2025-10-06T15:14:27,4
16,4,10.0,2,100000,2,3,1.391434117536016e-09,16,2025-10-06T15:14:27,1
16,4,10.0,2,100000,2,3,1.402568250350947e-09,16,2025-10-06T15:14:28,5
16,4,10.0,2,100000,2,3,1.5711837581353696e-09,15,2025-10-06T15:14:28,10
16,4,10.0,2,100000,2,3,1.024406364449011e-09,15,2025-10-06T15:14:28,8
16,4,10.0,2,100000,2,4,9.156693530983479e-10,12,2025-10-06T15:14:28,7
16,4,10.0,2,100000,2,3,8.509285551636042e-10,17,2025-10-06T15:14:28,2
16,4,10.0,2,100000,2,3,1.237876584850982e-09,16,2025-10-06T15:14:28,9
16,4,10.0,2,100000,2,4,8.533849274340444e-10,11,2025-10-06T15:14:28,3
16,4,10.0,2,100000,2,3,1.5661539494295037e-09,20,2025-10-06T15:14:29,6
16,4,10.0,2,100000,2,4,8.122506775848841e-10,13,2025-10-06T15:14:29,1
16,4,10.0,2,100000,2,4,1.00620380497578e-09,17,2025-10-06T15:14:29,4
16,4,10.0,2,100000,2,4,2.3391775277075824e-09,21,2025-10-06T15:14:29,0
16,4,10.0,2,100000,2,4,8.372479488048629e-10,11,2025-10-06T15:14:29,9
16,4,10.0,2,100000,2,4,9.528356619821362e-10,15,2025-10-06T15:14:29,2
16,4,10.0,2,100000,2,5,1.6664912625927514e-09,16,2025-10-06T15:14:29,7
16,4,10.0,2,100000,2,4,1.5630721258443975e-09,18,2025-10-06T15:14:29,5
16,4,10.0,2,100000,2,4,2.0770702517573665e-09,21,2025-10-06T15:14:29,8
16,4,10.0,2,100000,2,4,8.073324688333289e-10,11,2025-10-06T15:14:30,6
16,4,10.0,2,100000,2,4,2.1139576537201485e-09,26,2025-10-06T15:14:30,10
16,4,10.0,2,100000,2,5,1.1838982914655722e-09,17,2025-10-06T15:14:30,3
16,4,10.0,2,100000,2,5,5.63440017591531e-10,10,2025-10-06T15:14:30,9
16,4,10.0,2,100000,2,5,1.6860455805629576e-09,15,2025-10-06T15:14:30,0
16,4,10.0,2,100000,2,5,2.0039620163098113e-09,20,2025-10-06T15:14:30,4
16,4,10.0,2,100000,2,5,1.4971908940497585e-09,19,2025-10-06T15:14:30,1
16,4,10.0,2,100000,2,5,2.2574472183082406e-09,18,2025-10-06T15:14:30,2
16,4,10.0,2,100000,2,5,9.333448652883467e-10,14,2025-10-06T15:14:31,8
16,4,10.0,2,100000,2,5,1.165669714643137e-09,15,2025-10-06T15:14:31,5
16,4,10.0,2,100000,2,6,7.415769455064652e-10,9,2025-10-06T15:14:31,9
16,4,10.0,2,100000,2,5,1.3668006464103621e-09,14,2025-10-06T15:14:31,10
16,4,10.0,2,100000,2,5,1.2948019854057006e-09,16,2025-10-06T15:14:31,6
16,4,10.0,2,100000,2,6,1.5041045628374885e-09,27,2025-10-06T15:14:31,7
16,4,10.0,2,100000,2,6,1.7898770278773814e-09,19,2025-10-06T15:14:31,3
16,4,10.0,2,100000,2,6,1.8435166123786534e-09,14,2025-10-06T15:14:31,4
16,4,10.0,2,100000,2,6,1.1624938665637832e-09,11,2025-10-06T15:14:31,8
16,4,10.0,2,100000,2,7,9.779571248606187e-10,10,2025-10-06T15:14:32,9
16,4,10.0,2,100000,2,6,1.5433327051335361e-09,14,2025-10-06T15:14:32,1
16,4,10.0,2,100000,2,6,8.17059525515955e-10,12,2025-10-06T15:14:32,5
16,4,10.0,2,100000,2,6,9.430591309535398e-10,16,2025-10-06T15:14:32,2
16,4,10.0,2,100000,2,6,1.8304761048028458e-09,20,2025-10-06T15:14:32,0
16,4,10.0,2,100000,2,6,6.938994607029008e-10,13,2025-10-06T15:14:32,10
16,4,10.0,2,100000,2,7,8.340552509008207e-10,7,2025-10-06T15:14:32,4
16,4,10.0,2,100000,2,8,1.1369284686351569e-09,11,2025-10-06T15:14:32,9
16,4,10.0,2,100000,2,6,1.2050682935122609e-09,17,2025-10-06T15:14:33,6
16,4,10.0,2,100000,2,7,1.2751295316049952e-09,12,2025-10-06T15:14:33,8
16,4,10.0,2,100000,2,7,1.699984613007475e-09,19,2025-10-06T15:14:33,7
16,4,10.0,2,100000,2,7,1.1114728500122588e-09,12,2025-10-06T15:14:33,1
16,4,10.0,2,100000,2,7,1.2001674621305183e-09,21,2025-10-06T15:14:33,3
16,4,10.0,2,100000,2,7,1.7914592598179081e-09,15,2025-10-06T15:14:33,5
16,4,10.0,2,100000,2,7,1.7412270190515487e-09,16,2025-10-06T15:14:33,2
16,4,10.0,2,100000,2,7,1.8290910879992447e-09,16,2025-10-06T15:14:33,0
16,4,10.0,2,100000,2,7,9.729027744398232e-10,12,2025-10-06T15:14:34,6
16,4,10.0,2,100000,2,9,1.1550212000988251e-09,12,2025-10-06T15:14:34,9
16,4,10.0,2,100000,2,8,1.2038348697124153e-09,19,2025-10-06T15:14:34,4
16,4,10.0,2,100000,2,7,1.8564683910334025e-09,19,2025-10-06T15:14:34,10
16,4,10.0,2,100000,2,8,1.4904309370338931e-09,14,2025-10-06T15:14:34,8
16,4,10.0,2,100000,2,8,8.890243533946218e-10,11,2025-10-06T15:14:34,1
16,4,10.0,2,100000,2,8,8.768171916754742e-10,17,2025-10-06T15:14:34,7
16,4,10.0,2,100000,2,8,4.860048316166797e-10,12,2025-10-06T15:14:34,3
16,4,10.0,2,100000,2,8,6.935268115716056e-10,12,2025-10-06T15:14:34,2
16,4,10.0,2,100000,2,8,1.2958948818166429e-09,15,2025-10-06T15:14:34,5
16,4,10.0,2,100000,2,8,1.290148208429975e-09,19,2025-10-06T15:14:35,0
16,4,10.0,2,100000,2,8,9.862317146404257e-10,12,2025-10-06T15:14:35,10
16,4,10.0,2,100000,2,9,1.4971521101954357e-09,10,2025-10-06T15:14:35,1
16,4,10.0,2,100000,2,9,1.1761628252246888e-09,15,2025-10-06T15:14:35,4
16,4,10.0,2,100000,2,9,6.373876924248268e-10,12,2025-10-06T15:14:35,8
16,4,10.0,2,100000,2,8,1.4049404955588188e-09,15,2025-10-06T15:14:35,6
16,4,10.0,2,100000,2,9,1.2199323864064408e-09,12,2025-10-06T15:14:35,2
16,4,10.0,2,100000,2,9,1.5044187610906564e-09,17,2025-10-06T15:14:35,7
16,4,10.0,2,100000,2,9,8.291851137388349e-10,14,2025-10-06T15:14:35,5
16,4,10.0,2,100000,2,9,1.4642430956949872e-09,19,2025-10-06T15:14:36,3
16,4,10.0,2,100000,2,9,1.5875547216171806e-09,13,2025-10-06T15:14:36,0
16,4,10.0,2,100000,2,9,9.936822003523108e-10,16,2025-10-06T15:14:36,10
16,4,10.0,2,100000,2,9,1.3232789098424063e-09,14,2025-10-06T15:14:36,6
18,4,10.0,2,100000,2,0,1.0610172025033602e-09,7,2025-10-06T15:14:39,7
18,4,10.0,2,100000,2,0,1.606473387509089e-09,16,2025-10-06T15:15:41,10
18,4,10.0,2,100000,2,0,1.9390703057295212e-09,17,2025-10-06T15:15:43,0
18,4,10.0,2,100000,2,0,1.7988265696748993e-09,16,2025-10-06T15:15:55,5
18,4,10.0,2,100000,2,0,2.1530114214887224e-09,16,2025-10-06T15:15:56,8
18,4,10.0,2,100000,2,0,3.7191501864780963e-09,15,2025-10-06T15:15:58,9
18,4,10.0,2,100000,2,0,1.5948809906575098e-09,18,2025-10-06T15:15:59,3
18,4,10.0,2,100000,2,0,3.2037776797545253e-09,18,2025-10-06T15:15:59,6
18,4,10.0,2,100000,2,0,1.983986368506164e-09,19,2025-10-06T15:16:01,1
18,4,10.0,2,100000,2,0,1.8159750290880333e-09,19,2025-10-06T15:16:01,2
18,4,10.0,2,100000,2,0,2.8184160638226085e-09,20,2025-10-06T15:16:01,4
18,4,10.0,2,100000,2,1,3.545487567667792e-09,19,2025-10-06T15:16:02,7
18,4,10.0,2,100000,2,1,1.1941578646121253e-09,16,2025-10-06T15:16:31,0
18,4,10.0,2,100000,2,1,1.249391121986379e-09,9,2025-10-06T15:16:51,5
18,4,10.0,2,100000,2,1,1.6510542090653419e-09,23,2025-10-06T15:17:06,10
18,4,10.0,2,100000,2,1,2.5060375022047463e-09,12,2025-10-06T15:17:11,3
18,4,10.0,2,100000,2,1,2.2538047172814057e-09,20,2025-10-06T15:17:24,8
18,4,10.0,2,100000,2,1,2.8336362985799135e-09,21,2025-10-06T15:17:26,6
18,4,10.0,2,100000,2,1,2.8983582933298804e-09,17,2025-10-06T15:17:29,2
18,4,10.0,2,100000,2,2,2.4318550139227897e-09,19,2025-10-06T15:17:29,7
18,4,10.0,2,100000,2,1,1.7808987305858007e-09,22,2025-10-06T15:17:30,9
18,4,10.0,2,100000,2,1,2.0044182498590917e-09,18,2025-10-06T15:17:31,4
18,4,10.0,2,100000,2,1,2.42730089432198e-09,21,2025-10-06T15:17:32,1
18,4,10.0,2,100000,2,3,1.3678530718893386e-09,9,2025-10-06T15:17:38,7
18,4,10.0,2,100000,2,2,2.311440838627456e-09,18,2025-10-06T15:17:49,0
18,4,10.0,2,100000,2,2,2.1654550505688713e-09,13,2025-10-06T15:17:56,5
18,4,10.0,2,100000,2,2,7.507710829684045e-10,12,2025-10-06T15:18:06,10
18,4,10.0,2,100000,2,2,1.7309826410213087e-09,15,2025-10-06T15:18:23,3
18,4,10.0,2,100000,2,2,1.2263123536598443e-09,12,2025-10-06T15:18:35,4
18,4,10.0,2,100000,2,2,1.3384390058927403e-09,19,2025-10-06T15:18:35,6
18,4,10.0,2,100000,2,2,2.045215139766314e-09,15,2025-10-06T15:18:36,2
18,4,10.0,2,100000,2,2,2.8857620607955255e-09,16,2025-10-06T15:18:37,9
18,4,10.0,2,100000,2,2,3.888544156842339e-09,29,2025-10-06T15:18:42,8
18,4,10.0,2,100000,2,2,3.299919389113099e-09,26,2025-10-06T15:18:42,1
18,4,10.0,2,100000,2,4,3.86647173048511e-09,24,2025-10-06T15:18:45,7
18,4,10.0,2,100000,2,3,4.383693229362316e-09,24,2025-10-06T15:18:50,0
18,4,10.0,2,100000,2,3,2.1991250553014974e-09,18,2025-10-06T15:18:51,5
18,4,10.0,2,100000,2,3,1.8437036842831354e-09,20,2025-10-06T15:18:53,10
18,4,10.0,2,100000,2,3,3.5036100743170624e-09,16,2025-10-06T15:19:03,3
18,4,10.0,2,100000,2,3,1.4779621210306855e-09,11,2025-10-06T15:19:13,2
18,4,10.0,2,100000,2,3,1.3974136792311713e-09,16,2025-10-06T15:19:27,9
18,4,10.0,2,100000,2,3,3.4603862393089693e-09,20,2025-10-06T15:19:31,6
18,4,10.0,2,100000,2,3,2.584637320733979e-09,13,2025-10-06T15:19:31,8
18,4,10.0,2,100000,2,3,1.856892081616752e-09,20,2025-10-06T15:19:34,4
18,4,10.0,2,100000,2,3,1.3514672432917311e-09,16,2025-10-06T15:19:35,1
18,4,10.0,2,100000,2,5,1.2075750110622548e-09,17,2025-10-06T15:19:37,7
18,4,10.0,2,100000,2,4,1.452102734955277e-09,13,2025-10-06T15:19:43,10
18,4,10.0,2,100000,2,4,3.2319451901698533e-09,20,2025-10-06T15:19:44,5
18,4,10.0,2,100000,2,4,1.4086231986549816e-09,20,2025-10-06T15:19:44,0
18,4,10.0,2,100000,2,4,3.126719080710835e-09,24,2025-10-06T15:19:50,3
18,4,10.0,2,100000,2,4,1.7482443019379703e-09,18,2025-10-06T15:19:50,2
18,4,10.0,2,100000,2,4,2.6575463740027253e-09,17,2025-10-06T15:20:09,9
18,4,10.0,2,100000,2,4,1.75627905626651e-09,12,2025-10-06T15:20:15,4
18,4,10.0,2,100000,2,4,2.14815435892661e-09,16,2025-10-06T15:20:21,8
18,4,10.0,2,100000,2,4,2.441022125266336e-09,18,2025-10-06T15:20:22,6
18,4,10.0,2,100000,2,4,1.670742773213871e-09,18,2025-10-06T15:20:26,1
18,4,10.0,2,100000,2,6,1.9331348125963008e-09,16,2025-10-06T15:20:26,7
18,4,10.0,2,100000,2,5,1.90740699444024e-09,15,2025-10-06T15:20:31,10
18,4,10.0,2,100000,2,5,1.6744228665285797e-09,20,2025-10-06T15:20:38,0
18,4,10.0,2,100000,2,5,4.933628261128422e-09,20,2025-10-06T15:20:38,5
18,4,10.0,2,100000,2,5,2.5820322391642615e-09,17,2025-10-06T15:20:40,2
18,4,10.0,2,100000,2,5,3.0770926227677937e-09,24,2025-10-06T15:20:43,3
18,4,10.0,2,100000,2,5,1.635620842808607e-09,21,2025-10-06T15:20:58,9
18,4,10.0,2,100000,2,5,1.3660679163366587e-09,16,2025-10-06T15:20:59,4
18,4,10.0,2,100000,2,5,1.7519829241587254e-09,17,2025-10-06T15:21:08,8
18,4,10.0,2,100000,2,7,3.2988560465841034e-09,16,2025-10-06T15:21:16,7
18,4,10.0,2,100000,2,5,2.32577301569166e-09,17,2025-10-06T15:21:20,1
18,4,10.0,2,100000,2,6,1.9429566645659167e-09,17,2025-10-06T15:21:22,10
18,4,10.0,2,100000,2,5,4.773298640170854e-09,23,2025-10-06T15:21:23,6
18,4,10.0,2,100000,2,6,9.817602971081503e-10,11,2025-10-06T15:21:26,2
18,4,10.0,2,100000,2,6,3.0740324181382687e-09,22,2025-10-06T15:21:29,0
18,4,10.0,2,100000,2,6,1.7561840744020656e-09,20,2025-10-06T15:21:29,5
18,4,10.0,2,100000,2,6,2.507118180074086e-09,19,2025-10-06T15:21:31,3
18,4,10.0,2,100000,2,6,2.482032622168988e-09,23,2025-10-06T15:21:39,9
18,4,10.0,2,100000,2,6,3.47807922861406e-09,28,2025-10-06T15:21:49,4
18,4,10.0,2,100000,2,6,2.014970741622893e-09,21,2025-10-06T15:21:52,8
18,4,10.0,2,100000,2,6,2.089901331123573e-09,17,2025-10-06T15:22:11,1
18,4,10.0,2,100000,2,7,1.7790918174264409e-09,10,2025-10-06T15:22:12,2
18,4,10.0,2,100000,2,8,2.3765288152438413e-09,24,2025-10-06T15:22:13,7
18,4,10.0,2,100000,2,7,2.9298909795333633e-09,13,2025-10-06T15:22:21,5
18,4,10.0,2,100000,2,6,2.962047421558941e-09,24,2025-10-06T15:22:24,6
18,4,10.0,2,100000,2,7,4.571485665903396e-09,26,2025-10-06T15:22:26,10
18,4,10.0,2,100000,2,7,1.4872367436016727e-09,18,2025-10-06T15:22:26,0
18,4,10.0,2,100000,2,7,2.133507337029887e-09,19,2025-10-06T15:22:28,3
18,4,10.0,2,100000,2,7,9.924214807148693e-10,8,2025-10-06T15:22:28,9
18,4,10.0,2,100000,2,7,2.105377746647361e-09,13,2025-10-06T15:22:31,8
18,4,10.0,2,100000,2,7,2.3035306392993947e-09,23,2025-10-06T15:22:35,4
18,4,10.0,2,100000,2,8,1.865203047940997e-09,16,2025-10-06T15:22:53,2
18,4,10.0,2,100000,2,9,3.415932649095801e-09,18,2025-10-06T15:23:00,7
18,4,10.0,2,100000,2,7,2.67943728222253e-09,21,2025-10-06T15:23:02,1
18,4,10.0,2,100000,2,7,1.6218327877026165e-09,15,2025-10-06T15:23:12,6
18,4,10.0,2,100000,2,8,2.73298186373802e-09,19,2025-10-06T15:23:16,5
18,4,10.0,2,100000,2,8,1.1130109205130485e-09,18,2025-10-06T15:23:17,10
18,4,10.0,2,100000,2,8,2.2381188697041955e-09,15,2025-10-06T15:23:17,0
18,4,10.0,2,100000,2,8,1.822339230607204e-09,16,2025-10-06T15:23:19,3
18,4,10.0,2,100000,2,8,3.086182799351836e-09,23,2025-10-06T15:23:21,9
18,4,10.0,2,100000,2,8,3.574945543038384e-09,19,2025-10-06T15:23:23,8
18,4,10.0,2,100000,2,8,2.674062691504493e-09,24,2025-10-06T15:23:26,4
18,4,10.0,2,100000,2,9,1.5305321700985237e-09,19,2025-10-06T15:23:30,2
18,4,10.0,2,100000,2,8,3.4189341417403815e-09,16,2025-10-06T15:23:31,1
18,4,10.0,2,100000,2,9,1.107879700605624e-09,12,2025-10-06T15:23:40,5
18,4,10.0,2,100000,2,9,2.6340586910661217e-09,16,2025-10-06T15:23:48,10
18,4,10.0,2,100000,2,8,4.684256346176496e-09,24,2025-10-06T15:23:50,6
18,4,10.0,2,100000,2,9,1.887102368675203e-09,18,2025-10-06T15:24:01,9
18,4,10.0,2,100000,2,9,4.574169773694669e-09,25,2025-10-06T15:24:01,0
18,4,10.0,2,100000,2,9,2.6244645750684104e-09,20,2025-10-06T15:24:03,8
18,4,10.0,2,100000,2,9,4.333335876641371e-09,26,2025-10-06T15:24:04,3
18,4,10.0,2,100000,2,9,1.951243010863659e-09,21,2025-10-06T15:24:04,4
18,4,10.0,2,100000,2,9,1.6509397796131553e-09,16,2025-10-06T15:24:04,1
18,4,10.0,2,100000,2,9,1.4366323824343107e-09,22,2025-10-06T15:24:06,6
