n,k,t,l,r,p,rep,norm,active_count,timestamp,worker
6,3,10.0,2,100000,2,0,2.146480204618732e-10,6,2025-10-06T15:02:13,1
6,3,10.0,2,100000,2,0,2.0689943040699315e-10,5,2025-10-06T15:02:13,2
6,3,10.0,2,100000,2,0,3.4958801443291943e-10,5,2025-10-06T15:02:13,0
6,3,10.0,2,100000,2,0,1.3703550269983786e-10,6,2025-10-06T15:02:13,7
6,3,10.0,2,100000,2,0,2.0694777664219803e-10,6,2025-10-06T15:02:13,10
6,3,10.0,2,100000,2,0,1.0834885049802044e-10,5,2025-10-06T15:02:13,8
6,3,10.0,2,100000,2,0,2.55805739878946e-10,7,2025-10-06T15:02:13,3
6,3,10.0,2,100000,2,0,1.4096312836954676e-10,8,2025-10-06T15:02:13,6
6,3,10.0,2,100000,2,0,1.0963498834378253e-10,9,2025-10-06T15:02:13,5
6,3,10.0,2,100000,2,1,7.61800275736755e-11,4,2025-10-06T15:02:13,1
6,3,10.0,2,100000,2,0,1.911814842543719e-10,9,2025-10-06T15:02:13,4
6,3,10.0,2,100000,2,1,1.88725437690339e-10,6,2025-10-06T15:02:13,2
6,3,10.0,2,100000,2,1,3.17002585023663e-10,6,2025-10-06T15:02:13,0
6,3,10.0,2,100000,2,1,1.113744919428799e-10,6,2025-10-06T15:02:13,7
6,3,10.0,2,100000,2,0,1.2537276747269037e-10,5,2025-10-06T15:02:13,9
6,3,10.0,2,100000,2,1,1.5740164342083632e-10,5,2025-10-06T15:02:13,10
6,3,10.0,2,100000,2,1,1.5092683458152334e-10,6,2025-10-06T15:02:13,8
6,3,10.0,2,100000,2,2,1.4431836113219365e-10,5,2025-10-06T15:02:13,1
6,3,10.0,2,100000,2,2,8.511732089552482e-11,2,2025-10-06T15:02:13,7
6,3,10.0,2,100000,2,1,2.0490674921348288e-10,9,2025-10-06T15:02:13,3
6,3,10.0,2,100000,2,1,1.7393736262400819e-10,7,2025-10-06T15:02:13,4
6,3,10.0,2,100000,2,1,3.4052328342112023e-10,9,2025-10-06T15:02:13,6
6,3,10.0,2,100000,2,1,1.8599878088513924e-10,9,2025-10-06T15:02:13,5
6,3,10.0,2,100000,2,2,1.386498142450425e-10,7,2025-10-06T15:02:13,2
6,3,10.0,2,100000,2,2,1.7876195461547326e-10,8,2025-10-06T15:02:13,0
6,3,10.0,2,100000,2,2,2.3492733537021017e-10,7,2025-10-06T15:02:13,10
6,3,10.0,2,100000,2,2,1.0487079502503095e-10,5,2025-10-06T15:02:13,8
6,3,10.0,2,100000,2,1,2.9372242266066074e-10,9,2025-10-06T15:02:13,9
6,3,10.0,2,100000,2,2,1.7644377994368552e-10,4,2025-10-06T15:02:13,3
6,3,10.0,2,100000,2,3,1.3661364182986443e-10,6,2025-10-06T15:02:13,1
6,3,10.0,2,100000,2,2,7.20864621696755e-11,5,2025-10-06T15:02:13,4
6,3,10.0,2,100000,2,3,1.5374134594464806e-10,6,2025-10-06T15:02:13,7
6,3,10.0,2,100000,2,3,1.2808926055086277e-10,3,2025-10-06T15:02:13,2
6,3,10.0,2,100000,2,2,1.8080178700831047e-10,8,2025-10-06T15:02:13,6
6,3,10.0,2,100000,2,2,2.5754416071217034e-10,8,2025-10-06T15:02:13,5
6,3,10.0,2,100000,2,3,6.195508223938722e-10,8,2025-10-06T15:02:13,0
6,3,10.0,2,100000,2,3,7.737019256812756e-11,7,2025-10-06T15:02:13,10
6,3,10.0,2,100000,2,3,1.789442834030205e-10,8,2025-10-06T15:02:13,8
6,3,10.0,2,100000,2,3,3.551387894988875e-10,7,2025-10-06T15:02:13,3
6,3,10.0,2,100000,2,2,3.386084474829071e-10,7,2025-10-06T15:02:13,9
6,3,10.0,2,100000,2,4,1.5853155273963216e-10,5,2025-10-06T15:02:13,7
6,3,10.0,2,100000,2,4,2.05642193889196e-10,7,2025-10-06T15:02:13,2
6,3,10.0,2,100000,2,3,1.763742199461035e-10,8,2025-10-06T15:02:13,4
6,3,10.0,2,100000,2,4,1.2632649870826148e-10,10,2025-10-06T15:02:13,1
6,3,10.0,2,100000,2,3,1.1725809632779508e-10,5,2025-10-06T15:02:13,6
6,3,10.0,2,100000,2,3,1.2049326941052375e-10,4,2025-10-06T15:02:13,5
6,3,10.0,2,100000,2,5,8.506630478896092e-11,6,2025-10-06T15:02:13,7
6,3,10.0,2,100000,2,4,7.320988971132226e-10,7,2025-10-06T15:02:13,10
6,3,10.0,2,100000,2,4,7.595341133066998e-11,5,2025-10-06T15:02:13,8
6,3,10.0,2,100000,2,4,1.0782996751343432e-10,7,2025-10-06T15:02:13,3
6,3,10.0,2,100000,2,3,2.7520838547405133e-10,5,2025-10-06T15:02:13,9
6,3,10.0,2,100000,2,5,1.6667163280064809e-10,5,2025-10-06T15:02:13,2
6,3,10.0,2,100000,2,4,4.118611919561571e-10,9,2025-10-06T15:02:13,0
6,3,10.0,2,100000,2,5,2.051061804776643e-10,5,2025-10-06T15:02:13,1
6,3,10.0,2,100000,2,4,1.2061767961581371e-10,4,2025-10-06T15:02:13,5
6,3,10.0,2,100000,2,4,2.1347467230486147e-10,5,2025-10-06T15:02:13,6
6,3,10.0,2,100000,2,6,1.3926123251595867e-10,6,2025-10-06T15:02:13,7
6,3,10.0,2,100000,2,4,7.061185137440689e-10,11,2025-10-06T15:02:13,4
6,3,10.0,2,100000,2,6,7.402645550045578e-11,7,2025-10-06T15:02:13,2
6,3,10.0,2,100000,2,6,6.952398458300499e-10,6,2025-10-06T15:02:13,1
6,3,10.0,2,100000,2,5,9.24697777739875e-11,4,2025-10-06T15:02:13,8
6,3,10.0,2,100000,2,5,2.160497033401874e-10,4,2025-10-06T15:02:13,3
6,3,10.0,2,100000,2,7,1.0595439100311872e-10,4,2025-10-06T15:02:13,7
6,3,10.0,2,100000,2,5,5.3900866683111016e-11,8,2025-10-06T15:02:13,10
6,3,10.0,2,100000,2,5,2.144406124452274e-10,8,2025-10-06T15:02:13,0
6,3,10.0,2,100000,2,7,5.7011713799676947e-11,5,2025-10-06T15:02:13,1
6,3,10.0,2,100000,2,4,4.370527542977957e-10,8,2025-10-06T15:02:13,9
6,3,10.0,2,100000,2,7,2.8038614955022867e-10,7,2025-10-06T15:02:13,2
6,3,10.0,2,100000,2,5,1.8832143052132447e-10,6,2025-10-06T15:02:13,6
6,3,10.0,2,100000,2,8,1.7878319413412814e-10,6,2025-10-06T15:02:13,7
6,3,10.0,2,100000,2,6,1.0737221800470305e-10,8,2025-10-06T15:02:13,8
6,3,10.0,2,100000,2,5,2.1912552493022635e-10,5,2025-10-06T15:02:13,4
6,3,10.0,2,100000,2,6,5.67116173756328e-11,6,2025-10-06T15:02:13,10
6,3,10.0,2,100000,2,5,1.9108874259008759e-10,10,2025-10-06T15:02:13,5
6,3,10.0,2,100000,2,6,2.6230022548780886e-10,8,2025-10-06T15:02:13,3
6,3,10.0,2,100000,2,8,2.763086689318679e-10,5,2025-10-06T15:02:13,2
6,3,10.0,2,100000,2,8,1.242237760336236e-10,7,2025-10-06T15:02:13,1
6,3,10.0,2,100000,2,5,1.4279001147579216e-10,7,2025-10-06T15:02:13,9
6,3,10.0,2,100000,2,6,1.7231375981334966e-10,7,2025-10-06T15:02:13,6
6,3,10.0,2,100000,2,7,4.666895496617839e-11,5,2025-10-06T15:02:13,10
6,3,10.0,2,100000,2,7,1.9126886207181838e-10,6,2025-10-06T15:02:13,8
6,3,10.0,2,100000,2,9,2.7442086120100853e-10,7,2025-10-06T15:02:13,7
6,3,10.0,2,100000,2,7,7.89193285315813e-11,2,2025-10-06T15:02:13,3
6,3,10.0,2,100000,2,9,3.1114770635170864e-11,2,2025-10-06T15:02:13,2
6,3,10.0,2,100000,2,6,2.189504542601953e-10,9,2025-10-06T15:02:13,0
6,3,10.0,2,100000,2,6,1.1956629776561274e-10,7,2025-10-06T15:02:13,4
6,3,10.0,2,100000,2,9,1.6650325962400755e-10,3,2025-10-06T15:02:13,1
6,3,10.0,2,100000,2,6,2.2978979380790864e-10,4,2025-10-06T15:02:13,9
6,3,10.0,2,100000,2,8,5.1629808483161145e-11,4,2025-10-06T15:02:13,10
6,3,10.0,2,100000,2,7,1.2459481230964963e-10,4,2025-10-06T15:02:13,0
6,3,10.0,2,100000,2,6,2.351831650839694e-10,11,2025-10-06T15:02:13,5
6,3,10.0,2,100000,2,8,2.467332950742567e-10,6,2025-10-06T15:02:13,8
6,3,10.0,2,100000,2,7,3.900155136405655e-10,9,2025-10-06T15:02:13,6
6,3,10.0,2,100000,2,7,1.312929439045943e-10,5,2025-10-06T15:02:13,9
6,3,10.0,2,100000,2,8,4.3159875537051785e-10,9,2025-10-06T15:02:13,3
6,3,10.0,2,100000,2,7,3.7974330735534475e-10,12,2025-10-06T15:02:13,4
6,3,10.0,2,100000,2,8,3.139174664657982e-11,2,2025-10-06T15:02:13,9
6,3,10.0,2,100000,2,9,2.3432473142302693e-10,8,2025-10-06T15:02:13,10
6,3,10.0,2,100000,2,8,1.2086052283915745e-10,7,2025-10-06T15:02:13,0
6,3,10.0,2,100000,2,9,3.076306167303363e-10,7,2025-10-06T15:02:13,8
6,3,10.0,2,100000,2,7,1.9742628153515616e-10,7,2025-10-06T15:02:13,5
6,3,10.0,2,100000,2,8,2.639066073210422e-10,9,2025-10-06T15:02:13,6
6,3,10.0,2,100000,2,9,4.446648211804883e-10,11,2025-10-06T15:02:13,3
6,3,10.0,2,100000,2,8,8.157414133020463e-11,6,2025-10-06T15:02:13,4
6,3,10.0,2,100000,2,9,1.5896482262867496e-10,6,2025-10-06T15:02:13,0
6,3,10.0,2,100000,2,9,3.235685970192296e-11,3,2025-10-06T15:02:13,6
6,3,10.0,2,100000,2,9,2.423326794170671e-10,11,2025-10-06T15:02:13,9
6,3,10.0,2,100000,2,8,1.7377804371423167e-10,10,2025-10-06T15:02:13,5
6,3,10.0,2,100000,2,9,1.9550017490054474e-10,5,2025-10-06T15:02:13,4
6,3,10.0,2,100000,2,9,4.2026481776415936e-10,7,2025-10-06T15:02:13,5
8,3,10.0,2,100000,2,0,1.0721953431443701e-10,3,2025-10-06T15:02:13,2
8,3,10.0,2,100000,2,0,1.208646577743681e-10,3,2025-10-06T15:02:13,1
8,3,10.0,2,100000,2,0,1.1350902118413764e-10,7,2025-10-06T15:02:13,0
8,3,10.0,2,100000,2,0,3.1167943831217414e-10,7,2025-10-06T15:02:13,4
8,3,10.0,2,100000,2,0,2.0976012142148685e-10,7,2025-10-06T15:02:13,9
8,3,10.0,2,100000,2,0,3.4045926922966736e-10,8,2025-10-06T15:02:13,8
8,3,10.0,2,100000,2,0,2.919888842264503e-10,9,2025-10-06T15:02:13,5
8,3,10.0,2,100000,2,0,2.849115523446283e-10,9,2025-10-06T15:02:13,7
8,3,10.0,2,100000,2,1,9.584558645207894e-11,6,2025-10-06T15:02:13,1
8,3,10.0,2,100000,2,0,3.8207243694049225e-10,9,2025-10-06T15:02:13,10
8,3,10.0,2,100000,2,0,1.102864679224652e-09,10,2025-10-06T15:02:13,3
8,3,10.0,2,100000,2,0,4.1130609402762874e-10,11,2025-10-06T15:02:13,6
8,3,10.0,2,100000,2,1,1.9775184232485578e-10,4,2025-10-06T15:02:13,9
8,3,10.0,2,100000,2,1,2.996147847954193e-10,10,2025-10-06T15:02:13,2
8,3,10.0,2,100000,2,1,1.311181368099029e-10,6,2025-10-06T15:02:13,4
8,3,10.0,2,100000,2,1,4.516313148284216e-10,9,2025-10-06T15:02:13,0
8,3,10.0,2,100000,2,1,5.860130279033433e-10,8,2025-10-06T15:02:13,8
8,3,10.0,2,100000,2,1,2.124611168761582e-10,8,2025-10-06T15:02:13,5
8,3,10.0,2,100000,2,1,2.432675717657163e-10,6,2025-10-06T15:02:13,6
8,3,10.0,2,100000,2,2,2.1188847691040323e-10,10,2025-10-06T15:02:13,1
8,3,10.0,2,100000,2,1,1.7195670290902476e-09,10,2025-10-06T15:02:13,10
8,3,10.0,2,100000,2,1,9.544452181984008e-10,12,2025-10-06T15:02:13,7
8,3,10.0,2,100000,2,2,1.745058845420813e-10,7,2025-10-06T15:02:13,9
8,3,10.0,2,100000,2,1,4.662899756942613e-10,13,2025-10-06T15:02:13,3
8,3,10.0,2,100000,2,2,2.0158720323719122e-10,8,2025-10-06T15:02:13,2
8,3,10.0,2,100000,2,2,3.2529818452004084e-10,6,2025-10-06T15:02:14,5
8,3,10.0,2,100000,2,2,1.2187819366600887e-10,9,2025-10-06T15:02:14,4
8,3,10.0,2,100000,2,2,3.4403095664255194e-10,9,2025-10-06T15:02:14,0
8,3,10.0,2,100000,2,2,4.1428815034772735e-10,7,2025-10-06T15:02:14,6
8,3,10.0,2,100000,2,2,5.628406457836932e-10,10,2025-10-06T15:02:14,8
8,3,10.0,2,100000,2,2,1.708575215170044e-10,4,2025-10-06T15:02:14,3
8,3,10.0,2,100000,2,2,2.7669884578370706e-10,8,2025-10-06T15:02:14,10
8,3,10.0,2,100000,2,3,3.474487011124506e-10,7,2025-10-06T15:02:14,9
8,3,10.0,2,100000,2,2,3.263364610326674e-10,9,2025-10-06T15:02:14,7
8,3,10.0,2,100000,2,3,1.4501484175872618e-09,10,2025-10-06T15:02:14,1
8,3,10.0,2,100000,2,3,1.7411460171087855e-10,6,2025-10-06T15:02:14,5
8,3,10.0,2,100000,2,3,2.253204987033714e-10,10,2025-10-06T15:02:14,2
8,3,10.0,2,100000,2,3,2.324814677345778e-10,7,2025-10-06T15:02:14,6
8,3,10.0,2,100000,2,4,1.7131654272608432e-10,5,2025-10-06T15:02:14,9
8,3,10.0,2,100000,2,3,3.361220923048881e-10,10,2025-10-06T15:02:14,0
8,3,10.0,2,100000,2,3,5.227402078928522e-10,12,2025-10-06T15:02:14,4
8,3,10.0,2,100000,2,4,4.5625224608222803e-10,5,2025-10-06T15:02:14,5
8,3,10.0,2,100000,2,3,7.22400206567799e-10,10,2025-10-06T15:02:14,8
8,3,10.0,2,100000,2,3,7.000434460872723e-10,10,2025-10-06T15:02:14,10
8,3,10.0,2,100000,2,4,1.8499091778577123e-10,7,2025-10-06T15:02:14,1
8,3,10.0,2,100000,2,3,4.0455828963050957e-10,9,2025-10-06T15:02:14,7
8,3,10.0,2,100000,2,3,5.319909554667556e-10,11,2025-10-06T15:02:14,3
8,3,10.0,2,100000,2,5,1.4371389479381892e-10,4,2025-10-06T15:02:14,9
8,3,10.0,2,100000,2,4,7.408242035005698e-10,10,2025-10-06T15:02:14,2
8,3,10.0,2,100000,2,4,2.2384577734377202e-10,3,2025-10-06T15:02:14,7
8,3,10.0,2,100000,2,4,2.9284495298249774e-10,9,2025-10-06T15:02:14,6
8,3,10.0,2,100000,2,4,9.290721686505156e-10,8,2025-10-06T15:02:14,4
8,3,10.0,2,100000,2,4,3.6066977595558746e-10,8,2025-10-06T15:02:14,8
8,3,10.0,2,100000,2,4,2.928196144760035e-10,7,2025-10-06T15:02:14,10
8,3,10.0,2,100000,2,5,2.4232549189915276e-10,8,2025-10-06T15:02:14,1
8,3,10.0,2,100000,2,5,1.3624087777189173e-09,10,2025-10-06T15:02:14,5
8,3,10.0,2,100000,2,4,3.679038936119235e-10,12,2025-10-06T15:02:14,0
8,3,10.0,2,100000,2,4,2.000462140142699e-09,9,2025-10-06T15:02:14,3
8,3,10.0,2,100000,2,5,1.9440786174253318e-10,3,2025-10-06T15:02:14,6
8,3,10.0,2,100000,2,5,1.4723087188736357e-10,8,2025-10-06T15:02:14,2
8,3,10.0,2,100000,2,6,3.632024894833591e-10,12,2025-10-06T15:02:14,9
8,3,10.0,2,100000,2,5,2.6782709216244736e-10,8,2025-10-06T15:02:14,7
8,3,10.0,2,100000,2,5,4.495108983248707e-10,7,2025-10-06T15:02:14,10
8,3,10.0,2,100000,2,5,6.260172129491285e-10,8,2025-10-06T15:02:14,4
8,3,10.0,2,100000,2,6,3.7796803878532755e-10,9,2025-10-06T15:02:14,5
8,3,10.0,2,100000,2,6,5.841632282564608e-10,9,2025-10-06T15:02:14,1
8,3,10.0,2,100000,2,6,1.4611401701463793e-10,4,2025-10-06T15:02:14,2
8,3,10.0,2,100000,2,5,2.593132580019668e-10,8,2025-10-06T15:02:14,3
8,3,10.0,2,100000,2,5,8.402988821255152e-10,11,2025-10-06T15:02:14,8
8,3,10.0,2,100000,2,6,1.4259688269425353e-09,11,2025-10-06T15:02:14,6
8,3,10.0,2,100000,2,6,1.7848989356740985e-10,5,2025-10-06T15:02:14,10
8,3,10.0,2,100000,2,5,1.3807608276189299e-09,16,2025-10-06T15:02:14,0
8,3,10.0,2,100000,2,6,1.0644915008349358e-09,10,2025-10-06T15:02:14,7
8,3,10.0,2,100000,2,7,6.601743946555746e-10,6,2025-10-06T15:02:14,5
8,3,10.0,2,100000,2,7,2.340537877560683e-10,5,2025-10-06T15:02:14,1
8,3,10.0,2,100000,2,7,2.1439693142734404e-10,12,2025-10-06T15:02:14,9
8,3,10.0,2,100000,2,6,1.2534607916781538e-10,5,2025-10-06T15:02:14,3
8,3,10.0,2,100000,2,7,2.0975012841791726e-10,8,2025-10-06T15:02:14,2
8,3,10.0,2,100000,2,7,5.738607093091649e-10,4,2025-10-06T15:02:14,6
8,3,10.0,2,100000,2,6,6.49687149649694e-10,11,2025-10-06T15:02:14,4
8,3,10.0,2,100000,2,6,3.7288998038627195e-10,10,2025-10-06T15:02:14,8
8,3,10.0,2,100000,2,6,2.4533753931567307e-10,7,2025-10-06T15:02:14,0
8,3,10.0,2,100000,2,8,2.4508974052816e-10,4,2025-10-06T15:02:14,2
8,3,10.0,2,100000,2,8,5.574466688310898e-10,7,2025-10-06T15:02:14,5
8,3,10.0,2,100000,2,7,6.062049725112499e-10,10,2025-10-06T15:02:14,10
8,3,10.0,2,100000,2,7,3.044209134858503e-10,6,2025-10-06T15:02:14,3
8,3,10.0,2,100000,2,7,2.128728857692498e-10,8,2025-10-06T15:02:14,7
8,3,10.0,2,100000,2,8,2.486107931053204e-10,9,2025-10-06T15:02:14,1
8,3,10.0,2,100000,2,8,6.975920659019486e-10,7,2025-10-06T15:02:14,6
8,3,10.0,2,100000,2,8,2.7615713875658814e-10,10,2025-10-06T15:02:14,9
8,3,10.0,2,100000,2,7,7.038302268555097e-10,8,2025-10-06T15:02:14,4
8,3,10.0,2,100000,2,7,1.0734432948136088e-10,7,2025-10-06T15:02:14,8
8,3,10.0,2,100000,2,8,3.0880892751814247e-10,4,2025-10-06T15:02:14,10
8,3,10.0,2,100000,2,8,1.7434041882837525e-10,4,2025-10-06T15:02:14,3
8,3,10.0,2,100000,2,7,1.3224110576003664e-10,7,2025-10-06T15:02:14,0
8,3,10.0,2,100000,2,9,2.2722187797874816e-10,9,2025-10-06T15:02:14,2
8,3,10.0,2,100000,2,8,1.9360580554995836e-10,5,2025-10-06T15:02:14,4
8,3,10.0,2,100000,2,9,4.1888980618411137e-10,7,2025-10-06T15:02:14,6
8,3,10.0,2,100000,2,8,2.5242182463705047e-10,4,2025-10-06T15:02:14,8
8,3,10.0,2,100000,2,9,7.147093530078707e-10,11,2025-10-06T15:02:14,5
8,3,10.0,2,100000,2,9,1.1496964860543697e-09,8,2025-10-06T15:02:14,9
8,3,10.0,2,100000,2,9,5.365805378159407e-10,10,2025-10-06T15:02:14,1
8,3,10.0,2,100000,2,8,1.0655154938650527e-09,12,2025-10-06T15:02:14,7
8,3,10.0,2,100000,2,9,4.302408889408572e-10,6,2025-10-06T15:02:14,3
8,3,10.0,2,100000,2,9,4.783380622598964e-10,8,2025-10-06T15:02:14,10
8,3,10.0,2,100000,2,8,4.801103690463181e-10,8,2025-10-06T15:02:14,0
8,3,10.0,2,100000,2,9,7.229605642909867e-11,6,2025-10-06T15:02:14,4
8,3,10.0,2,100000,2,9,1.9146657555899023e-10,4,2025-10-06T15:02:14,8
8,3,10.0,2,100000,2,9,7.275843557026277e-11,3,2025-10-06T15:02:14,7
8,3,10.0,2,100000,2,9,3.8583119664747427e-10,11,2025-10-06T15:02:14,0
10,3,10.0,2,100000,2,0,1.60389054633246e-09,5,2025-10-06T15:02:14,3
10,3,10.0,2,100000,2,0,2.3137335473849068e-10,7,2025-10-06T15:02:14,10
10,3,10.0,2,100000,2,0,5.96267581511971e-10,9,2025-10-06T15:02:14,1
10,3,10.0,2,100000,2,0,5.585024066556304e-10,9,2025-10-06T15:02:14,7
10,3,10.0,2,100000,2,0,8.183531076327097e-10,8,2025-10-06T15:02:14,5
10,3,10.0,2,100000,2,0,4.0871877700550227e-10,10,2025-10-06T15:02:14,4
10,3,10.0,2,100000,2,0,5.008551619671698e-10,9,2025-10-06T15:02:14,2
10,3,10.0,2,100000,2,0,5.891522983532637e-10,11,2025-10-06T15:02:14,0
10,3,10.0,2,100000,2,0,7.400779026537462e-10,12,2025-10-06T15:02:14,8
10,3,10.0,2,100000,2,1,3.5246906811257916e-10,7,2025-10-06T15:02:14,3
10,3,10.0,2,100000,2,0,1.4113852200553384e-09,16,2025-10-06T15:02:14,9
10,3,10.0,2,100000,2,0,4.800983787166846e-09,17,2025-10-06T15:02:14,6
10,3,10.0,2,100000,2,1,2.553333289214789e-10,7,2025-10-06T15:02:14,2
10,3,10.0,2,100000,2,1,5.522136137957142e-10,9,2025-10-06T15:02:14,1
10,3,10.0,2,100000,2,1,5.083422048304208e-10,7,2025-10-06T15:02:15,0
10,3,10.0,2,100000,2,1,6.989090078428447e-10,11,2025-10-06T15:02:15,7
10,3,10.0,2,100000,2,1,7.588824559774565e-10,10,2025-10-06T15:02:15,5
10,3,10.0,2,100000,2,1,4.671461607697255e-10,10,2025-10-06T15:02:15,8
10,3,10.0,2,100000,2,1,3.734436014161074e-10,6,2025-10-06T15:02:15,9
10,3,10.0,2,100000,2,1,1.3785953637456688e-09,16,2025-10-06T15:02:15,10
10,3,10.0,2,100000,2,1,2.7377695099675686e-09,12,2025-10-06T15:02:15,4
10,3,10.0,2,100000,2,2,5.678697678611747e-10,9,2025-10-06T15:02:15,3
10,3,10.0,2,100000,2,2,7.881918087866738e-10,8,2025-10-06T15:02:15,0
10,3,10.0,2,100000,2,2,5.095899521511324e-10,7,2025-10-06T15:02:15,5
10,3,10.0,2,100000,2,2,4.5224990037483895e-10,8,2025-10-06T15:02:15,2
10,3,10.0,2,100000,2,1,6.50646489904869e-10,12,2025-10-06T15:02:15,6
10,3,10.0,2,100000,2,2,1.8694278650302414e-10,8,2025-10-06T15:02:15,8
10,3,10.0,2,100000,2,2,1.866285507284282e-09,13,2025-10-06T15:02:15,1
10,3,10.0,2,100000,2,2,1.5172432287406414e-09,10,2025-10-06T15:02:15,7
10,3,10.0,2,100000,2,2,2.709758675703131e-10,8,2025-10-06T15:02:15,9
10,3,10.0,2,100000,2,3,5.109119755239262e-10,6,2025-10-06T15:02:15,2
10,3,10.0,2,100000,2,2,2.0102940303799973e-09,12,2025-10-06T15:02:15,4
10,3,10.0,2,100000,2,2,8.455315883084654e-10,12,2025-10-06T15:02:15,10
10,3,10.0,2,100000,2,3,7.808489595716342e-10,11,2025-10-06T15:02:15,3
10,3,10.0,2,100000,2,3,8.807734467275513e-10,10,2025-10-06T15:02:15,5
10,3,10.0,2,100000,2,3,6.132673461101565e-10,8,2025-10-06T15:02:15,7
10,3,10.0,2,100000,2,4,1.7882203074688782e-09,7,2025-10-06T15:02:15,2
10,3,10.0,2,100000,2,2,6.513501888021532e-10,12,2025-10-06T15:02:15,6
10,3,10.0,2,100000,2,3,2.5203072153500406e-09,15,2025-10-06T15:02:15,0
10,3,10.0,2,100000,2,3,1.3756804367330103e-09,12,2025-10-06T15:02:15,1
10,3,10.0,2,100000,2,3,1.7513103844456095e-09,12,2025-10-06T15:02:15,8
10,3,10.0,2,100000,2,3,3.3849991625993535e-10,12,2025-10-06T15:02:15,9
10,3,10.0,2,100000,2,3,2.927749684921574e-10,9,2025-10-06T15:02:15,4
10,3,10.0,2,100000,2,4,3.6073017026273933e-10,8,2025-10-06T15:02:15,5
10,3,10.0,2,100000,2,4,1.285209726338323e-09,12,2025-10-06T15:02:15,3
10,3,10.0,2,100000,2,5,1.3389847928907498e-09,11,2025-10-06T15:02:15,2
10,3,10.0,2,100000,2,4,3.6043775088155435e-10,9,2025-10-06T15:02:15,8
10,3,10.0,2,100000,2,3,1.9603820980673587e-09,14,2025-10-06T15:02:15,10
10,3,10.0,2,100000,2,3,7.516733858881753e-10,8,2025-10-06T15:02:15,6
10,3,10.0,2,100000,2,4,4.994051522354259e-10,9,2025-10-06T15:02:15,9
10,3,10.0,2,100000,2,4,1.6913995426279503e-09,11,2025-10-06T15:02:15,0
10,3,10.0,2,100000,2,4,1.5708076908148965e-09,15,2025-10-06T15:02:15,7
10,3,10.0,2,100000,2,4,4.627603136807698e-10,7,2025-10-06T15:02:15,4
10,3,10.0,2,100000,2,4,2.5938663222247515e-09,13,2025-10-06T15:02:15,1
10,3,10.0,2,100000,2,5,2.0862253057659538e-09,10,2025-10-06T15:02:15,5
10,3,10.0,2,100000,2,4,7.151013128890647e-10,9,2025-10-06T15:02:15,6
10,3,10.0,2,100000,2,6,2.736262567039247e-10,10,2025-10-06T15:02:15,2
10,3,10.0,2,100000,2,5,1.0160016337650458e-09,8,2025-10-06T15:02:15,9
10,3,10.0,2,100000,2,5,2.026502594571996e-09,8,2025-10-06T15:02:15,0
10,3,10.0,2,100000,2,5,6.271028862207948e-10,12,2025-10-06T15:02:15,3
10,3,10.0,2,100000,2,5,3.919922364730656e-10,9,2025-10-06T15:02:15,7
10,3,10.0,2,100000,2,5,3.1228400661051604e-10,10,2025-10-06T15:02:15,4
10,3,10.0,2,100000,2,6,1.969149719976502e-10,6,2025-10-06T15:02:15,5
10,3,10.0,2,100000,2,5,2.2795280813661637e-09,14,2025-10-06T15:02:15,8
10,3,10.0,2,100000,2,4,3.307978446471441e-10,13,2025-10-06T15:02:15,10
10,3,10.0,2,100000,2,6,1.527538344550706e-10,4,2025-10-06T15:02:15,9
10,3,10.0,2,100000,2,7,3.053759337636206e-10,7,2025-10-06T15:02:15,2
10,3,10.0,2,100000,2,5,1.1258178959152025e-09,12,2025-10-06T15:02:15,1
10,3,10.0,2,100000,2,5,3.2316689423159176e-10,9,2025-10-06T15:02:15,6
10,3,10.0,2,100000,2,6,2.9968991671005846e-10,6,2025-10-06T15:02:15,4
10,3,10.0,2,100000,2,6,1.3149294785700898e-09,10,2025-10-06T15:02:15,0
10,3,10.0,2,100000,2,6,9.566654522636329e-10,9,2025-10-06T15:02:15,3
10,3,10.0,2,100000,2,7,3.7823851916252177e-10,10,2025-10-06T15:02:15,5
10,3,10.0,2,100000,2,6,8.739020811152358e-10,10,2025-10-06T15:02:15,8
10,3,10.0,2,100000,2,5,3.0030316717962854e-10,11,2025-10-06T15:02:15,10
10,3,10.0,2,100000,2,6,4.301829607220495e-09,12,2025-10-06T15:02:15,7
10,3,10.0,2,100000,2,7,9.052030547876831e-10,10,2025-10-06T15:02:15,9
10,3,10.0,2,100000,2,6,3.846104878759987e-09,9,2025-10-06T15:02:15,1
10,3,10.0,2,100000,2,7,4.27657884521647e-10,4,2025-10-06T15:02:15,8
10,3,10.0,2,100000,2,7,6.400644045715384e-10,8,2025-10-06T15:02:15,0
10,3,10.0,2,100000,2,8,1.3056666354463972e-09,12,2025-10-06T15:02:15,2
10,3,10.0,2,100000,2,7,6.505081558134248e-10,10,2025-10-06T15:02:15,4
10,3,10.0,2,100000,2,7,9.30690920213993e-10,11,2025-10-06T15:02:15,3
10,3,10.0,2,100000,2,6,9.605881309689271e-10,15,2025-10-06T15:02:15,6
10,3,10.0,2,100000,2,6,6.832848238657913e-10,11,2025-10-06T15:02:15,10
10,3,10.0,2,100000,2,8,3.3967716115937616e-10,10,2025-10-06T15:02:15,9
10,3,10.0,2,100000,2,9,3.974235323521306e-10,8,2025-10-06T15:02:15,2
10,3,10.0,2,100000,2,8,1.7329881130093227e-09,15,2025-10-06T15:02:15,5
10,3,10.0,2,100000,2,8,4.343574629474578e-10,7,2025-10-06T15:02:15,4
10,3,10.0,2,100000,2,7,1.9368277061015017e-09,13,2025-10-06T15:02:15,7
10,3,10.0,2,100000,2,8,4.874990264102569e-10,10,2025-10-06T15:02:15,8
10,3,10.0,2,100000,2,7,8.824947499728302e-10,13,2025-10-06T15:02:15,1
10,3,10.0,2,100000,2,8,8.582450670770393e-10,14,2025-10-06T15:02:15,0
10,3,10.0,2,100000,2,8,1.324393505111402e-09,11,2025-10-06T15:02:15,3
10,3,10.0,2,100000,2,7,3.4621063312944325e-10,5,2025-10-06T15:02:15,10
10,3,10.0,2,100000,2,9,3.436489584813634e-10,8,2025-10-06T15:02:15,4
10,3,10.0,2,100000,2,9,4.900835649977515e-10,8,2025-10-06T15:02:15,8
10,3,10.0,2,100000,2,9,6.07743739105252e-10,10,2025-10-06T15:02:15,9
10,3,10.0,2,100000,2,9,4.1176976399538925e-10,9,2025-10-06T15:02:15,5
10,3,10.0,2,100000,2,7,1.1240692584694371e-09,12,2025-10-06T15:02:15,6
10,3,10.0,2,100000,2,9,2.1711992642703232e-10,8,2025-10-06T15:02:15,0
10,3,10.0,2,100000,2,8,5.549965566335082e-10,8,2025-10-06T15:02:15,10
10,3,10.0,2,100000,2,8,3.7675122878472406e-09,14,2025-10-06T15:02:15,7
10,3,10.0,2,100000,2,8,1.1160357556786262e-09,12,2025-10-06T15:02:15,1
10,3,10.0,2,100000,2,9,1.9675143792984144e-09,10,2025-10-06T15:02:15,3
10,3,10.0,2,100000,2,8,6.035113351386772e-11,5,2025-10-06T15:02:15,6
10,3,10.0,2,100000,2,9,2.7009509068311504e-10,7,2025-10-06T15:02:16,7
10,3,10.0,2,100000,2,9,4.961262607490496e-10,8,2025-10-06T15:02:16,6
10,3,10.0,2,100000,2,9,8.740505436467729e-10,10,2025-10-06T15:02:16,10
10,3,10.0,2,100000,2,9,6.531863497881102e-10,10,2025-10-06T15:02:16,1
12,3,10.0,2,100000,2,0,2.3960554463022776e-09,11,2025-10-06T15:02:16,1
12,3,10.0,2,100000,2,0,1.5464209463037379e-09,11,2025-10-06T15:02:16,5
12,3,10.0,2,100000,2,0,1.7294479804183803e-09,13,2025-10-06T15:02:16,3
12,3,10.0,2,100000,2,0,1.9142612096229655e-09,14,2025-10-06T15:02:16,7
12,3,10.0,2,100000,2,0,2.8717191218203064e-09,14,2025-10-06T15:02:16,2
12,3,10.0,2,100000,2,0,3.8607926104870254e-09,14,2025-10-06T15:02:16,0
12,3,10.0,2,100000,2,0,2.1902746958525656e-09,16,2025-10-06T15:02:16,6
12,3,10.0,2,100000,2,0,2.888635276940746e-09,16,2025-10-06T15:02:16,10
12,3,10.0,2,100000,2,0,1.5647859309742202e-09,15,2025-10-06T15:02:16,9
12,3,10.0,2,100000,2,0,1.8161180306176726e-09,19,2025-10-06T15:02:16,8
12,3,10.0,2,100000,2,0,7.593223504737588e-09,18,2025-10-06T15:02:16,4
12,3,10.0,2,100000,2,1,2.7925100483559673e-09,9,2025-10-06T15:02:16,5
12,3,10.0,2,100000,2,1,1.7779338183935813e-09,9,2025-10-06T15:02:16,1
12,3,10.0,2,100000,2,1,3.0419674306030445e-10,4,2025-10-06T15:02:16,8
12,3,10.0,2,100000,2,1,3.6700705591291756e-09,9,2025-10-06T15:02:16,2
12,3,10.0,2,100000,2,1,2.8651377789946277e-09,11,2025-10-06T15:02:16,6
12,3,10.0,2,100000,2,1,1.4887576286712102e-09,15,2025-10-06T15:02:16,3
12,3,10.0,2,100000,2,1,1.4398398497236026e-09,11,2025-10-06T15:02:16,4
12,3,10.0,2,100000,2,2,1.7043753527306903e-09,9,2025-10-06T15:02:16,1
12,3,10.0,2,100000,2,1,1.147920677731403e-09,15,2025-10-06T15:02:16,0
12,3,10.0,2,100000,2,1,2.6014130754209255e-09,17,2025-10-06T15:02:16,7
12,3,10.0,2,100000,2,1,9.03121610038513e-10,14,2025-10-06T15:02:16,10
12,3,10.0,2,100000,2,1,1.6538211880803317e-09,14,2025-10-06T15:02:16,9
12,3,10.0,2,100000,2,2,9.426285236652041e-10,10,2025-10-06T15:02:16,8
12,3,10.0,2,100000,2,2,1.931165446745636e-09,14,2025-10-06T15:02:16,5
12,3,10.0,2,100000,2,2,1.279255723800357e-09,9,2025-10-06T15:02:16,3
12,3,10.0,2,100000,2,2,7.999511362210181e-10,12,2025-10-06T15:02:16,2
12,3,10.0,2,100000,2,2,3.413074403322461e-10,9,2025-10-06T15:02:17,4
12,3,10.0,2,100000,2,2,1.6415417891618243e-09,9,2025-10-06T15:02:17,9
12,3,10.0,2,100000,2,2,2.093791886891787e-09,11,2025-10-06T15:02:17,0
12,3,10.0,2,100000,2,2,1.8911552730577167e-09,15,2025-10-06T15:02:17,6
12,3,10.0,2,100000,2,2,3.3742000838576703e-09,11,2025-10-06T15:02:17,10
12,3,10.0,2,100000,2,3,1.673648587900122e-09,12,2025-10-06T15:02:17,1
12,3,10.0,2,100000,2,2,2.3849596553053217e-09,14,2025-10-06T15:02:17,7
12,3,10.0,2,100000,2,3,9.954219592312904e-10,10,2025-10-06T15:02:17,2
12,3,10.0,2,100000,2,3,4.94426894854971e-10,11,2025-10-06T15:02:17,8
12,3,10.0,2,100000,2,3,5.082138440041623e-10,7,2025-10-06T15:02:17,4
12,3,10.0,2,100000,2,3,2.9462728233901002e-09,14,2025-10-06T15:02:17,5
12,3,10.0,2,100000,2,4,2.295224219488531e-10,5,2025-10-06T15:02:17,8
12,3,10.0,2,100000,2,3,6.332008853468163e-09,12,2025-10-06T15:02:17,9
12,3,10.0,2,100000,2,3,2.2908621153959706e-09,9,2025-10-06T15:02:17,7
12,3,10.0,2,100000,2,3,1.5580988036942842e-09,10,2025-10-06T15:02:17,10
12,3,10.0,2,100000,2,4,2.4490294246690413e-09,10,2025-10-06T15:02:17,1
12,3,10.0,2,100000,2,3,3.922586055757478e-09,12,2025-10-06T15:02:17,6
12,3,10.0,2,100000,2,4,8.507571627934862e-10,10,2025-10-06T15:02:17,2
12,3,10.0,2,100000,2,3,8.675123347836241e-10,14,2025-10-06T15:02:17,0
12,3,10.0,2,100000,2,3,3.792615253887398e-09,17,2025-10-06T15:02:17,3
12,3,10.0,2,100000,2,4,3.044738571703936e-09,10,2025-10-06T15:02:17,5
12,3,10.0,2,100000,2,5,2.4133876006996907e-09,12,2025-10-06T15:02:18,8
12,3,10.0,2,100000,2,4,2.2088693874455997e-09,16,2025-10-06T15:02:18,4
12,3,10.0,2,100000,2,4,2.676260630617228e-09,14,2025-10-06T15:02:18,10
12,3,10.0,2,100000,2,4,3.9069082199508945e-09,15,2025-10-06T15:02:18,9
12,3,10.0,2,100000,2,5,5.329391929088348e-10,5,2025-10-06T15:02:18,5
12,3,10.0,2,100000,2,4,1.9689198994768697e-09,16,2025-10-06T15:02:18,7
12,3,10.0,2,100000,2,4,1.981792446764819e-09,14,2025-10-06T15:02:18,6
12,3,10.0,2,100000,2,4,3.3732027176532733e-09,14,2025-10-06T15:02:18,3
12,3,10.0,2,100000,2,5,5.845185060826316e-09,18,2025-10-06T15:02:18,1
12,3,10.0,2,100000,2,4,2.1509603870733904e-09,17,2025-10-06T15:02:18,0
12,3,10.0,2,100000,2,5,7.104133528837744e-09,17,2025-10-06T15:02:18,2
12,3,10.0,2,100000,2,5,1.1581488266653359e-09,9,2025-10-06T15:02:18,10
12,3,10.0,2,100000,2,5,2.0461526072844577e-09,13,2025-10-06T15:02:18,4
12,3,10.0,2,100000,2,6,1.4324631489673105e-09,10,2025-10-06T15:02:18,5
12,3,10.0,2,100000,2,5,3.8070414216219906e-09,11,2025-10-06T15:02:18,9
12,3,10.0,2,100000,2,5,2.107641130742256e-09,11,2025-10-06T15:02:18,7
12,3,10.0,2,100000,2,6,3.5929153461177744e-09,16,2025-10-06T15:02:18,8
12,3,10.0,2,100000,2,5,3.1019339939013958e-09,12,2025-10-06T15:02:18,3
12,3,10.0,2,100000,2,6,2.486251351137343e-09,10,2025-10-06T15:02:18,1
12,3,10.0,2,100000,2,5,1.554582782856151e-09,13,2025-10-06T15:02:18,0
12,3,10.0,2,100000,2,6,1.219314281820617e-09,12,2025-10-06T15:02:18,2
12,3,10.0,2,100000,2,5,3.5608606914872654e-09,17,2025-10-06T15:02:18,6
12,3,10.0,2,100000,2,6,1.0260135149647577e-09,10,2025-10-06T15:02:18,4
12,3,10.0,2,100000,2,6,3.077652693318645e-09,10,2025-10-06T15:02:18,7
12,3,10.0,2,100000,2,6,8.579452824862196e-10,14,2025-10-06T15:02:18,10
12,3,10.0,2,100000,2,7,5.389119295062136e-10,11,2025-10-06T15:02:18,8
12,3,10.0,2,100000,2,7,5.625902371985612e-10,9,2025-10-06T15:02:18,1
12,3,10.0,2,100000,2,6,3.5225295320136136e-09,11,2025-10-06T15:02:18,3
12,3,10.0,2,100000,2,6,3.4372184679036433e-09,15,2025-10-06T15:02:18,9
12,3,10.0,2,100000,2,7,9.623483722949688e-10,8,2025-10-06T15:02:18,2
12,3,10.0,2,100000,2,7,1.9968601688614804e-09,16,2025-10-06T15:02:18,5
12,3,10.0,2,100000,2,7,3.5724104494136388e-09,10,2025-10-06T15:02:18,4
12,3,10.0,2,100000,2,6,2.35764177046011e-09,16,2025-10-06T15:02:18,0
12,3,10.0,2,100000,2,6,1.888802352889028e-09,14,2025-10-06T15:02:18,6
12,3,10.0,2,100000,2,8,8.625104831964802e-10,11,2025-10-06T15:02:18,8
12,3,10.0,2,100000,2,7,9.503286155321134e-10,10,2025-10-06T15:02:18,3
12,3,10.0,2,100000,2,7,7.838906409464609e-10,11,2025-10-06T15:02:18,10
12,3,10.0,2,100000,2,7,7.375602953632475e-10,11,2025-10-06T15:02:18,9
12,3,10.0,2,100000,2,8,1.3841195615693534e-09,13,2025-10-06T15:02:18,1
12,3,10.0,2,100000,2,8,7.782174509643753e-10,11,2025-10-06T15:02:18,2
12,3,10.0,2,100000,2,7,1.4922050703986505e-09,14,2025-10-06T15:02:18,7
12,3,10.0,2,100000,2,8,1.1101710225024649e-09,9,2025-10-06T15:02:19,4
12,3,10.0,2,100000,2,8,3.1281510587535327e-09,14,2025-10-06T15:02:19,5
12,3,10.0,2,100000,2,9,1.3275362471366376e-09,9,2025-10-06T15:02:19,8
12,3,10.0,2,100000,2,7,8.495821522506401e-10,11,2025-10-06T15:02:19,0
12,3,10.0,2,100000,2,8,8.09837874350908e-10,12,2025-10-06T15:02:19,10
12,3,10.0,2,100000,2,7,3.0399982911677365e-09,13,2025-10-06T15:02:19,6
12,3,10.0,2,100000,2,8,3.3613726843603336e-09,14,2025-10-06T15:02:19,3
12,3,10.0,2,100000,2,8,3.4821135101827844e-09,13,2025-10-06T15:02:19,7
12,3,10.0,2,100000,2,9,8.930151445513216e-10,14,2025-10-06T15:02:19,2
12,3,10.0,2,100000,2,8,4.6856170845874515e-09,17,2025-10-06T15:02:19,9
12,3,10.0,2,100000,2,9,1.4193428193671648e-09,13,2025-10-06T15:02:19,4
12,3,10.0,2,100000,2,9,2.017464304944357e-09,16,2025-10-06T15:02:19,1
12,3,10.0,2,100000,2,8,4.731448708049808e-09,11,2025-10-06T15:02:19,0
12,3,10.0,2,100000,2,9,2.5118283004474905e-09,14,2025-10-06T15:02:19,5
12,3,10.0,2,100000,2,9,9.543628006442702e-10,11,2025-10-06T15:02:19,10
12,3,10.0,2,100000,2,8,2.1363696019850784e-09,10,2025-10-06T15:02:19,6
12,3,10.0,2,100000,2,9,1.3671195386074724e-09,12,2025-10-06T15:02:19,3
12,3,10.0,2,100000,2,9,9.150966603154972e-10,12,2025-10-06T15:02:19,7
12,3,10.0,2,100000,2,9,4.01579778513781e-09,12,2025-10-06T15:02:19,9
12,3,10.0,2,100000,2,9,1.4669834164284225e-09,12,2025-10-06T15:02:19,0
12,3,10.0,2,100000,2,9,7.214796429607833e-10,13,2025-10-06T15:02:19,6
14,3,10.0,2,100000,2,0,3.798306702056785e-09,7,2025-10-06T15:02:19,1
14,3,10.0,2,100000,2,0,2.1687016769563606e-09,10,2025-10-06T15:02:20,4
14,3,10.0,2,100000,2,0,2.0268657200487003e-09,11,2025-10-06T15:02:20,3
14,3,10.0,2,100000,2,0,2.373983756668184e-09,9,2025-10-06T15:02:20,9
14,3,10.0,2,100000,2,0,2.954867348861927e-09,13,2025-10-06T15:02:20,5
14,3,10.0,2,100000,2,0,4.777513312167053e-09,13,2025-10-06T15:02:20,2
14,3,10.0,2,100000,2,0,3.140496701600889e-09,14,2025-10-06T15:02:20,0
14,3,10.0,2,100000,2,0,2.291298855390233e-09,15,2025-10-06T15:02:20,10
14,3,10.0,2,100000,2,0,5.7967672531201335e-09,15,2025-10-06T15:02:20,6
14,3,10.0,2,100000,2,1,2.4404300987884005e-09,9,2025-10-06T15:02:20,1
14,3,10.0,2,100000,2,0,4.663133425556296e-09,17,2025-10-06T15:02:20,8
14,3,10.0,2,100000,2,0,8.850635587130324e-09,20,2025-10-06T15:02:20,7
14,3,10.0,2,100000,2,1,1.1848287403538903e-09,9,2025-10-06T15:02:20,10
14,3,10.0,2,100000,2,1,5.6227622055051455e-09,15,2025-10-06T15:02:21,4
14,3,10.0,2,100000,2,1,8.466109798747413e-09,15,2025-10-06T15:02:21,3
14,3,10.0,2,100000,2,1,1.9989537405205192e-09,11,2025-10-06T15:02:21,6
14,3,10.0,2,100000,2,1,4.24557147165556e-09,15,2025-10-06T15:02:21,5
14,3,10.0,2,100000,2,1,5.033246443607768e-09,14,2025-10-06T15:02:21,2
14,3,10.0,2,100000,2,1,4.988320983845204e-09,19,2025-10-06T15:02:21,9
14,3,10.0,2,100000,2,1,4.2137763402561395e-09,16,2025-10-06T15:02:21,0
14,3,10.0,2,100000,2,1,3.808935275339611e-09,12,2025-10-06T15:02:21,8
14,3,10.0,2,100000,2,2,9.580904968169326e-10,8,2025-10-06T15:02:21,5
14,3,10.0,2,100000,2,1,4.3836179520656664e-09,18,2025-10-06T15:02:21,7
14,3,10.0,2,100000,2,2,5.993450990586849e-09,23,2025-10-06T15:02:21,1
14,3,10.0,2,100000,2,2,5.05931636863257e-09,13,2025-10-06T15:02:21,4
14,3,10.0,2,100000,2,2,3.905909318667722e-09,15,2025-10-06T15:02:21,10
14,3,10.0,2,100000,2,2,5.296449236171197e-10,8,2025-10-06T15:02:21,0
14,3,10.0,2,100000,2,2,6.4791472873057475e-09,14,2025-10-06T15:02:21,3
14,3,10.0,2,100000,2,2,4.4035478607752756e-09,12,2025-10-06T15:02:21,2
14,3,10.0,2,100000,2,2,5.011744530511095e-09,18,2025-10-06T15:02:22,6
14,3,10.0,2,100000,2,2,2.874301330064884e-09,14,2025-10-06T15:02:22,8
14,3,10.0,2,100000,2,2,4.181512281761596e-09,18,2025-10-06T15:02:22,9
14,3,10.0,2,100000,2,3,2.596828490059281e-09,13,2025-10-06T15:02:22,1
14,3,10.0,2,100000,2,3,8.703961524865273e-09,19,2025-10-06T15:02:22,5
14,3,10.0,2,100000,2,3,2.839009581245995e-09,14,2025-10-06T15:02:22,10
14,3,10.0,2,100000,2,3,4.958821944514239e-09,15,2025-10-06T15:02:22,0
14,3,10.0,2,100000,2,3,3.218097643613269e-09,16,2025-10-06T15:02:22,3
14,3,10.0,2,100000,2,3,7.805899968395295e-09,15,2025-10-06T15:02:22,2
14,3,10.0,2,100000,2,2,2.934068084029663e-09,22,2025-10-06T15:02:22,7
14,3,10.0,2,100000,2,3,4.5813654033593125e-09,20,2025-10-06T15:02:22,4
14,3,10.0,2,100000,2,3,2.6316127443840336e-09,15,2025-10-06T15:02:22,6
14,3,10.0,2,100000,2,3,6.045024457381317e-09,15,2025-10-06T15:02:22,8
14,3,10.0,2,100000,2,4,4.494104462596264e-09,12,2025-10-06T15:02:23,1
14,3,10.0,2,100000,2,4,2.725447098556932e-09,11,2025-10-06T15:02:23,5
14,3,10.0,2,100000,2,3,2.770299374911648e-09,21,2025-10-06T15:02:23,9
14,3,10.0,2,100000,2,4,1.8321334463162965e-09,9,2025-10-06T15:02:23,4
14,3,10.0,2,100000,2,4,1.4882438198780075e-09,10,2025-10-06T15:02:23,2
14,3,10.0,2,100000,2,4,3.5272465163271924e-09,10,2025-10-06T15:02:23,6
14,3,10.0,2,100000,2,4,3.952180281016836e-09,15,2025-10-06T15:02:23,3
14,3,10.0,2,100000,2,4,4.908831701457672e-09,19,2025-10-06T15:02:23,10
14,3,10.0,2,100000,2,4,8.896130919940035e-10,14,2025-10-06T15:02:23,8
14,3,10.0,2,100000,2,3,3.716603665800444e-09,17,2025-10-06T15:02:23,7
14,3,10.0,2,100000,2,4,5.120129530944301e-09,21,2025-10-06T15:02:23,0
14,3,10.0,2,100000,2,5,2.2634004123497565e-09,10,2025-10-06T15:02:23,1
14,3,10.0,2,100000,2,5,1.9292307210902347e-09,8,2025-10-06T15:02:23,3
14,3,10.0,2,100000,2,5,1.6944965196460202e-09,13,2025-10-06T15:02:23,5
14,3,10.0,2,100000,2,4,1.4575522527926156e-09,12,2025-10-06T15:02:23,9
14,3,10.0,2,100000,2,5,3.722391559153768e-09,15,2025-10-06T15:02:24,4
14,3,10.0,2,100000,2,5,3.2781513100356086e-09,12,2025-10-06T15:02:24,10
14,3,10.0,2,100000,2,5,3.3452358221485494e-09,16,2025-10-06T15:02:24,6
14,3,10.0,2,100000,2,5,3.0851421218685264e-09,11,2025-10-06T15:02:24,0
14,3,10.0,2,100000,2,5,5.0312186803276275e-09,19,2025-10-06T15:02:24,2
14,3,10.0,2,100000,2,5,1.791687861543636e-09,15,2025-10-06T15:02:24,8
14,3,10.0,2,100000,2,6,4.655827573955033e-09,11,2025-10-06T15:02:24,3
14,3,10.0,2,100000,2,6,5.6370654258137795e-09,16,2025-10-06T15:02:24,1
14,3,10.0,2,100000,2,6,6.709170428109068e-10,7,2025-10-06T15:02:24,10
14,3,10.0,2,100000,2,6,3.8830270594103535e-09,14,2025-10-06T15:02:24,5
14,3,10.0,2,100000,2,4,1.1910221349692256e-08,21,2025-10-06T15:02:24,7
14,3,10.0,2,100000,2,6,3.6902128759502803e-09,12,2025-10-06T15:02:24,4
14,3,10.0,2,100000,2,6,7.456103121927991e-09,9,2025-10-06T15:02:24,6
14,3,10.0,2,100000,2,5,7.690608737925864e-09,16,2025-10-06T15:02:24,9
14,3,10.0,2,100000,2,6,2.5052106760385245e-09,12,2025-10-06T15:02:25,2
14,3,10.0,2,100000,2,5,8.260286534919893e-10,7,2025-10-06T15:02:25,7
14,3,10.0,2,100000,2,6,5.652619433482242e-09,11,2025-10-06T15:02:25,8
14,3,10.0,2,100000,2,6,6.8261941299175305e-09,17,2025-10-06T15:02:25,0
14,3,10.0,2,100000,2,7,2.8133247258090482e-09,15,2025-10-06T15:02:25,3
14,3,10.0,2,100000,2,7,2.598689175486007e-09,13,2025-10-06T15:02:25,5
14,3,10.0,2,100000,2,7,2.8699854912331637e-09,14,2025-10-06T15:02:25,10
14,3,10.0,2,100000,2,7,4.810333495124926e-09,15,2025-10-06T15:02:25,1
14,3,10.0,2,100000,2,7,5.2789172320015406e-09,14,2025-10-06T15:02:25,6
14,3,10.0,2,100000,2,7,2.163620104644268e-09,12,2025-10-06T15:02:25,2
14,3,10.0,2,100000,2,6,3.2108413380191235e-09,17,2025-10-06T15:02:25,9
14,3,10.0,2,100000,2,7,7.199263142711558e-09,17,2025-10-06T15:02:25,4
14,3,10.0,2,100000,2,6,3.4806762124335516e-09,13,2025-10-06T15:02:25,7
14,3,10.0,2,100000,2,8,2.4496741736006647e-09,10,2025-10-06T15:02:26,10
14,3,10.0,2,100000,2,7,4.670695353727581e-10,3,2025-10-06T15:02:26,7
14,3,10.0,2,100000,2,7,3.3410571175049826e-09,14,2025-10-06T15:02:26,0
14,3,10.0,2,100000,2,7,2.5688805054799244e-09,18,2025-10-06T15:02:26,8
14,3,10.0,2,100000,2,8,1.350662671993307e-09,12,2025-10-06T15:02:26,5
14,3,10.0,2,100000,2,8,5.147336430534052e-09,13,2025-10-06T15:02:26,3
14,3,10.0,2,100000,2,8,2.1059336944273243e-09,12,2025-10-06T15:02:26,1
14,3,10.0,2,100000,2,9,8.695825449494039e-10,9,2025-10-06T15:02:26,10
14,3,10.0,2,100000,2,8,1.04266780281908e-08,16,2025-10-06T15:02:26,6
14,3,10.0,2,100000,2,7,4.021336981507157e-09,16,2025-10-06T15:02:26,9
14,3,10.0,2,100000,2,8,5.847538392894359e-09,14,2025-10-06T15:02:26,7
14,3,10.0,2,100000,2,8,1.8132090666494292e-09,19,2025-10-06T15:02:26,4
14,3,10.0,2,100000,2,8,7.42708306772888e-09,22,2025-10-06T15:02:26,2
14,3,10.0,2,100000,2,9,8.35236087568209e-10,7,2025-10-06T15:02:26,6
14,3,10.0,2,100000,2,8,4.587336212887202e-09,17,2025-10-06T15:02:26,0
14,3,10.0,2,100000,2,8,3.282614223290325e-09,14,2025-10-06T15:02:26,8
14,3,10.0,2,100000,2,9,6.550160734310511e-09,16,2025-10-06T15:02:27,5
14,3,10.0,2,100000,2,9,2.7200023192024123e-09,15,2025-10-06T15:02:27,1
14,3,10.0,2,100000,2,8,7.962742907493111e-10,6,2025-10-06T15:02:27,9
14,3,10.0,2,100000,2,9,3.024434871128439e-09,17,2025-10-06T15:02:27,3
14,3,10.0,2,100000,2,9,1.0952570875342042e-09,11,2025-10-06T15:02:27,7
14,3,10.0,2,100000,2,9,2.1513546844709945e-09,8,2025-10-06T15:02:27,9
14,3,10.0,2,100000,2,9,4.373197766188356e-09,13,2025-10-06T15:02:27,2
14,3,10.0,2,100000,2,9,3.2633051595508425e-09,14,2025-10-06T15:02:27,8
14,3,10.0,2,100000,2,9,3.984553138793008e-09,19,2025-10-06T15:02:27,4
14,3,10.0,2,100000,2,9,5.0201744396312205e-09,17,2025-10-06T15:02:27,0
16,3,10.0,2,100000,2,0,1.7435823914552677e-09,11,2025-10-06T15:02:29,9
16,3,10.0,2,100000,2,0,5.488366178654168e-09,12,2025-10-06T15:02:31,10
16,3,10.0,2,100000,2,0,7.4340139004508805e-09,13,2025-10-06T15:02:31,0
16,3,10.0,2,100000,2,0,7.132873055441819e-09,15,2025-10-06T15:02:33,5
16,3,10.0,2,100000,2,0,5.881361930745112e-09,15,2025-10-06T15:02:33,3
16,3,10.0,2,100000,2,0,2.343268396616028e-09,16,2025-10-06T15:02:33,2
16,3,10.0,2,100000,2,0,1.3493081400898222e-08,16,2025-10-06T15:02:33,1
16,3,10.0,2,100000,2,0,1.215868697583141e-08,18,2025-10-06T15:02:34,4
16,3,10.0,2,100000,2,0,6.942569280466081e-09,18,2025-10-06T15:02:34,7
16,3,10.0,2,100000,2,0,3.506510331367594e-09,17,2025-10-06T15:02:34,6
16,3,10.0,2,100000,2,0,9.034317129501494e-09,18,2025-10-06T15:02:34,8
16,3,10.0,2,100000,2,1,7.478022117594752e-09,19,2025-10-06T15:02:35,9
16,3,10.0,2,100000,2,1,1.0769561030820545e-08,12,2025-10-06T15:02:36,0
16,3,10.0,2,100000,2,1,3.3007329097533918e-09,12,2025-10-06T15:02:37,2
16,3,10.0,2,100000,2,1,3.1707542187656147e-09,13,2025-10-06T15:02:37,3
16,3,10.0,2,100000,2,1,8.790945075470169e-09,19,2025-10-06T15:02:37,10
16,3,10.0,2,100000,2,1,3.735799209169135e-09,15,2025-10-06T15:02:37,5
16,3,10.0,2,100000,2,1,5.1857857112747724e-09,17,2025-10-06T15:02:38,4
16,3,10.0,2,100000,2,2,4.83530626122844e-09,10,2025-10-06T15:02:38,0
16,3,10.0,2,100000,2,1,1.1193287341768196e-08,19,2025-10-06T15:02:38,7
16,3,10.0,2,100000,2,1,7.35819064391584e-09,20,2025-10-06T15:02:39,1
16,3,10.0,2,100000,2,1,4.561744664634879e-09,22,2025-10-06T15:02:39,8
16,3,10.0,2,100000,2,1,8.165634200744804e-09,22,2025-10-06T15:02:39,6
16,3,10.0,2,100000,2,2,3.776240008290056e-09,16,2025-10-06T15:02:40,9
16,3,10.0,2,100000,2,2,3.3931578818348003e-09,12,2025-10-06T15:02:40,4
16,3,10.0,2,100000,2,2,2.2020789238734284e-09,14,2025-10-06T15:02:41,2
16,3,10.0,2,100000,2,2,6.41978704823067e-09,15,2025-10-06T15:02:41,5
16,3,10.0,2,100000,2,2,7.167746266895117e-09,18,2025-10-06T15:02:42,10
16,3,10.0,2,100000,2,2,2.9627959426624783e-09,13,2025-10-06T15:02:42,7
16,3,10.0,2,100000,2,2,2.957834608229419e-09,10,2025-10-06T15:02:42,8
16,3,10.0,2,100000,2,2,1.6804658138318555e-08,25,2025-10-06T15:02:43,3
16,3,10.0,2,100000,2,2,1.8178268919710168e-09,14,2025-10-06T15:02:43,6
16,3,10.0,2,100000,2,3,5.539241159808843e-09,19,2025-10-06T15:02:44,0
16,3,10.0,2,100000,2,3,4.196821772373648e-09,11,2025-10-06T15:02:44,2
16,3,10.0,2,100000,2,2,1.272794348918159e-08,21,2025-10-06T15:02:44,1
16,3,10.0,2,100000,2,3,5.872324440829329e-09,12,2025-10-06T15:02:44,4
16,3,10.0,2,100000,2,3,3.5024356568983794e-09,20,2025-10-06T15:02:45,9
16,3,10.0,2,100000,2,3,4.166927903027779e-09,10,2025-10-06T15:02:45,6
16,3,10.0,2,100000,2,3,3.1856796979567717e-09,9,2025-10-06T15:02:46,10
16,3,10.0,2,100000,2,3,3.4952634636124507e-09,13,2025-10-06T15:02:46,5
16,3,10.0,2,100000,2,3,5.087798362148878e-09,15,2025-10-06T15:02:46,7
16,3,10.0,2,100000,2,4,6.650662395291404e-09,11,2025-10-06T15:02:47,10
16,3,10.0,2,100000,2,3,5.742007155752412e-09,18,2025-10-06T15:02:48,3
16,3,10.0,2,100000,2,4,1.1537436819552104e-08,19,2025-10-06T15:02:48,0
16,3,10.0,2,100000,2,3,5.5170464732055535e-09,19,2025-10-06T15:02:49,1
16,3,10.0,2,100000,2,3,2.2453619620219042e-08,25,2025-10-06T15:02:49,8
16,3,10.0,2,100000,2,4,5.0342892095967e-09,21,2025-10-06T15:02:50,2
16,3,10.0,2,100000,2,4,8.37080210133559e-09,14,2025-10-06T15:02:50,9
16,3,10.0,2,100000,2,4,3.421929816147461e-09,16,2025-10-06T15:02:50,4
16,3,10.0,2,100000,2,4,3.2240786169834484e-09,15,2025-10-06T15:02:50,6
16,3,10.0,2,100000,2,4,4.2766023176438045e-09,14,2025-10-06T15:02:50,5
16,3,10.0,2,100000,2,4,2.2599534282718824e-09,13,2025-10-06T15:02:51,7
16,3,10.0,2,100000,2,4,1.577109784657068e-09,10,2025-10-06T15:02:51,8
16,3,10.0,2,100000,2,4,4.280215265487913e-09,12,2025-10-06T15:02:52,3
16,3,10.0,2,100000,2,5,2.3433115247477557e-09,12,2025-10-06T15:02:52,0
16,3,10.0,2,100000,2,5,5.906737809167532e-09,20,2025-10-06T15:02:53,10
16,3,10.0,2,100000,2,5,2.8958155216735737e-09,12,2025-10-06T15:02:53,9
16,3,10.0,2,100000,2,5,8.53951400973307e-09,16,2025-10-06T15:02:54,2
16,3,10.0,2,100000,2,5,8.35148407738943e-09,13,2025-10-06T15:02:55,5
16,3,10.0,2,100000,2,5,8.458884469657162e-09,16,2025-10-06T15:02:55,4
16,3,10.0,2,100000,2,5,5.301972782520868e-09,16,2025-10-06T15:02:55,6
16,3,10.0,2,100000,2,5,2.5514661445564453e-09,12,2025-10-06T15:02:55,8
16,3,10.0,2,100000,2,4,1.1976481485153809e-08,21,2025-10-06T15:02:56,1
16,3,10.0,2,100000,2,5,7.116251175124037e-09,17,2025-10-06T15:02:56,7
16,3,10.0,2,100000,2,5,2.9539232719194606e-09,13,2025-10-06T15:02:57,3
16,3,10.0,2,100000,2,6,4.603202046901966e-09,14,2025-10-06T15:02:57,0
16,3,10.0,2,100000,2,6,5.976366012254527e-09,20,2025-10-06T15:02:59,10
16,3,10.0,2,100000,2,6,4.9781975198853906e-09,15,2025-10-06T15:02:59,5
16,3,10.0,2,100000,2,6,3.479459820818975e-09,15,2025-10-06T15:03:00,8
16,3,10.0,2,100000,2,6,7.730431724917599e-09,15,2025-10-06T15:03:01,4
16,3,10.0,2,100000,2,6,6.857643085781329e-09,22,2025-10-06T15:03:01,9
16,3,10.0,2,100000,2,6,3.6205753664853127e-09,20,2025-10-06T15:03:01,2
16,3,10.0,2,100000,2,6,4.615085108342354e-09,19,2025-10-06T15:03:01,6
16,3,10.0,2,100000,2,5,5.350613427658051e-09,17,2025-10-06T15:03:01,1
16,3,10.0,2,100000,2,6,1.7502611176318136e-08,24,2025-10-06T15:03:02,7
16,3,10.0,2,100000,2,6,7.189711326891553e-09,14,2025-10-06T15:03:03,3
16,3,10.0,2,100000,2,7,7.563562633084058e-09,15,2025-10-06T15:03:03,0
16,3,10.0,2,100000,2,7,6.165549240850874e-09,14,2025-10-06T15:03:04,10
16,3,10.0,2,100000,2,7,4.196588804114553e-09,13,2025-10-06T15:03:05,4
16,3,10.0,2,100000,2,7,1.1126982386461749e-08,16,2025-10-06T15:03:07,8
16,3,10.0,2,100000,2,7,4.190270624351985e-09,15,2025-10-06T15:03:07,2
16,3,10.0,2,100000,2,7,1.0238449453806287e-08,20,2025-10-06T15:03:07,5
16,3,10.0,2,100000,2,7,3.7001873437162375e-09,17,2025-10-06T15:03:07,9
16,3,10.0,2,100000,2,7,4.857839199755233e-09,17,2025-10-06T15:03:07,6
16,3,10.0,2,100000,2,6,6.438136462987209e-09,17,2025-10-06T15:03:08,1
16,3,10.0,2,100000,2,8,3.302026532570604e-09,12,2025-10-06T15:03:08,0
16,3,10.0,2,100000,2,8,4.551928042016837e-09,8,2025-10-06T15:03:08,8
16,3,10.0,2,100000,2,7,7.692838482952626e-09,19,2025-10-06T15:03:08,7
16,3,10.0,2,100000,2,7,3.017130051893811e-09,17,2025-10-06T15:03:09,3
16,3,10.0,2,100000,2,8,3.7966949020584575e-09,16,2025-10-06T15:03:10,4
16,3,10.0,2,100000,2,8,1.2036899327866643e-08,21,2025-10-06T15:03:10,10
16,3,10.0,2,100000,2,8,8.298099255943938e-09,17,2025-10-06T15:03:11,2
16,3,10.0,2,100000,2,8,6.366920719526109e-09,13,2025-10-06T15:03:11,6
16,3,10.0,2,100000,2,8,9.989831570220333e-09,17,2025-10-06T15:03:12,9
16,3,10.0,2,100000,2,7,1.0221991991392012e-08,15,2025-10-06T15:03:13,1
16,3,10.0,2,100000,2,8,5.305326434185724e-09,21,2025-10-06T15:03:13,5
16,3,10.0,2,100000,2,8,2.989083866757632e-09,10,2025-10-06T15:03:13,7
16,3,10.0,2,100000,2,9,2.7928023986715757e-09,14,2025-10-06T15:03:13,8
16,3,10.0,2,100000,2,9,4.115726701613416e-09,18,2025-10-06T15:03:14,0
16,3,10.0,2,100000,2,8,6.666745157011788e-09,19,2025-10-06T15:03:14,3
16,3,10.0,2,100000,2,9,8.231047319789511e-10,11,2025-10-06T15:03:16,2
16,3,10.0,2,100000,2,9,4.945882753741491e-09,13,2025-10-06T15:03:16,10
16,3,10.0,2,100000,2,9,1.2169109527113152e-08,15,2025-10-06T15:03:16,4
16,3,10.0,2,100000,2,9,3.97997372364502e-09,17,2025-10-06T15:03:17,6
16,3,10.0,2,100000,2,9,1.3902648673482472e-08,17,2025-10-06T15:03:17,9
16,3,10.0,2,100000,2,9,5.093110147138186e-09,14,2025-10-06T15:03:17,5
16,3,10.0,2,100000,2,8,5.2576605417285214e-09,17,2025-10-06T15:03:17,1
16,3,10.0,2,100000,2,9,1.0395932208666064e-08,21,2025-10-06T15:03:17,7
16,3,10.0,2,100000,2,9,3.906261286230271e-09,17,2025-10-06T15:03:18,3
16,3,10.0,2,100000,2,9,7.871266812488444e-09,20,2025-10-06T15:03:19,1
18,3,10.0,2,100000,2,0,5.0930619986358745e-09,15,2025-10-06T15:04:07,1
18,3,10.0,2,100000,2,0,1.5355161600474047e-08,14,2025-10-06T15:04:10,2
18,3,10.0,2,100000,2,0,6.420240967862189e-09,16,2025-10-06T15:04:13,0
18,3,10.0,2,100000,2,0,1.6695862694020798e-08,17,2025-10-06T15:04:13,8
18,3,10.0,2,100000,2,0,4.3797453207187634e-09,19,2025-10-06T15:04:15,3
18,3,10.0,2,100000,2,0,1.037599156566516e-08,16,2025-10-06T15:04:15,4
18,3,10.0,2,100000,2,0,1.9282948860467854e-08,19,2025-10-06T15:04:15,10
18,3,10.0,2,100000,2,0,3.927886984421868e-08,21,2025-10-06T15:04:15,6
18,3,10.0,2,100000,2,0,1.0448833838793823e-08,21,2025-10-06T15:04:15,9
18,3,10.0,2,100000,2,0,3.03256089465865e-08,23,2025-10-06T15:04:15,5
18,3,10.0,2,100000,2,0,1.758314508293476e-08,18,2025-10-06T15:04:15,7
18,3,10.0,2,100000,2,1,6.77446709017429e-09,11,2025-10-06T15:04:36,2
18,3,10.0,2,100000,2,1,6.494133380280257e-09,12,2025-10-06T15:04:46,0
18,3,10.0,2,100000,2,1,5.9049907667570895e-09,16,2025-10-06T15:04:48,1
18,3,10.0,2,100000,2,1,9.177472826708552e-09,17,2025-10-06T15:05:02,8
18,3,10.0,2,100000,2,1,9.847617005731821e-09,14,2025-10-06T15:05:05,3
18,3,10.0,2,100000,2,1,1.219055813933897e-08,20,2025-10-06T15:05:06,4
18,3,10.0,2,100000,2,1,2.3955799262668426e-08,18,2025-10-06T15:05:06,10
18,3,10.0,2,100000,2,1,7.337168351946025e-09,24,2025-10-06T15:05:06,5
18,3,10.0,2,100000,2,1,8.718717821258017e-09,15,2025-10-06T15:05:06,7
18,3,10.0,2,100000,2,1,1.457459948426988e-08,20,2025-10-06T15:05:07,6
18,3,10.0,2,100000,2,1,4.34545830620882e-08,21,2025-10-06T15:05:07,9
18,3,10.0,2,100000,2,2,1.895779107914243e-09,8,2025-10-06T15:05:09,7
18,3,10.0,2,100000,2,3,1.0003416353733276e-08,13,2025-10-06T15:05:17,7
18,3,10.0,2,100000,2,2,4.978450580694312e-09,19,2025-10-06T15:05:22,2
18,3,10.0,2,100000,2,2,4.0426332437870505e-09,15,2025-10-06T15:05:24,0
18,3,10.0,2,100000,2,2,1.1179844572907186e-08,18,2025-10-06T15:05:27,1
18,3,10.0,2,100000,2,2,8.582461807426881e-09,14,2025-10-06T15:05:38,8
18,3,10.0,2,100000,2,2,1.058012680077522e-08,18,2025-10-06T15:05:48,10
18,3,10.0,2,100000,2,2,4.063186557208036e-09,13,2025-10-06T15:05:49,6
18,3,10.0,2,100000,2,2,1.5048312316863995e-08,18,2025-10-06T15:05:50,4
18,3,10.0,2,100000,2,2,6.21705590988592e-09,18,2025-10-06T15:05:51,9
18,3,10.0,2,100000,2,2,1.2204387577366407e-08,22,2025-10-06T15:05:51,5
18,3,10.0,2,100000,2,3,9.090642716341021e-09,16,2025-10-06T15:05:51,1
18,3,10.0,2,100000,2,2,1.562021041567762e-08,27,2025-10-06T15:05:51,3
18,3,10.0,2,100000,2,3,1.2831741203334505e-08,11,2025-10-06T15:06:03,2
18,3,10.0,2,100000,2,3,7.506327548401674e-09,15,2025-10-06T15:06:03,5
18,3,10.0,2,100000,2,4,2.0054828182580087e-08,19,2025-10-06T15:06:03,7
18,3,10.0,2,100000,2,3,1.2503501477498532e-08,15,2025-10-06T15:06:05,0
18,3,10.0,2,100000,2,3,1.6519437628427218e-08,14,2025-10-06T15:06:08,8
18,3,10.0,2,100000,2,3,2.050794998161998e-08,21,2025-10-06T15:06:14,10
18,3,10.0,2,100000,2,3,1.6325277971805994e-08,22,2025-10-06T15:06:19,4
18,3,10.0,2,100000,2,3,1.1429155146617036e-08,19,2025-10-06T15:06:30,3
18,3,10.0,2,100000,2,3,1.9977120702856147e-08,31,2025-10-06T15:06:31,6
18,3,10.0,2,100000,2,4,1.4420048117491584e-08,23,2025-10-06T15:06:31,1
18,3,10.0,2,100000,2,3,2.7572049170831374e-08,27,2025-10-06T15:06:33,9
18,3,10.0,2,100000,2,4,9.289625063814038e-09,11,2025-10-06T15:06:39,4
18,3,10.0,2,100000,2,4,1.4678762089226636e-08,17,2025-10-06T15:06:45,5
18,3,10.0,2,100000,2,5,3.004550677712711e-08,22,2025-10-06T15:06:46,7
18,3,10.0,2,100000,2,4,6.0152200049896265e-09,16,2025-10-06T15:06:47,0
18,3,10.0,2,100000,2,4,2.1803023247587285e-08,23,2025-10-06T15:06:47,2
18,3,10.0,2,100000,2,4,5.800225616802687e-09,15,2025-10-06T15:06:48,8
18,3,10.0,2,100000,2,4,5.150177461540612e-09,20,2025-10-06T15:06:51,10
18,3,10.0,2,100000,2,4,3.4067508470682638e-09,16,2025-10-06T15:07:05,3
18,3,10.0,2,100000,2,5,8.350638409097197e-09,18,2025-10-06T15:07:14,1
18,3,10.0,2,100000,2,5,9.991711473986596e-09,11,2025-10-06T15:07:18,4
18,3,10.0,2,100000,2,4,2.2744905802640763e-08,19,2025-10-06T15:07:26,9
18,3,10.0,2,100000,2,4,2.0540206476178153e-08,23,2025-10-06T15:07:26,6
18,3,10.0,2,100000,2,5,8.232525052998247e-09,13,2025-10-06T15:07:32,2
18,3,10.0,2,100000,2,6,1.9035200155563602e-08,19,2025-10-06T15:07:35,7
18,3,10.0,2,100000,2,5,2.2609062865723938e-08,25,2025-10-06T15:07:35,5
18,3,10.0,2,100000,2,5,2.1181192248740203e-08,15,2025-10-06T15:07:36,0
18,3,10.0,2,100000,2,5,8.21671919453074e-09,20,2025-10-06T15:07:36,8
18,3,10.0,2,100000,2,5,6.251785265222696e-09,13,2025-10-06T15:07:37,10
18,3,10.0,2,100000,2,5,1.3274165607947044e-08,21,2025-10-06T15:07:50,3
18,3,10.0,2,100000,2,6,1.2930417122132077e-08,16,2025-10-06T15:07:51,1
18,3,10.0,2,100000,2,6,2.5582471233765392e-08,18,2025-10-06T15:07:54,4
18,3,10.0,2,100000,2,5,2.1504547308354844e-08,22,2025-10-06T15:08:17,6
18,3,10.0,2,100000,2,7,9.70791047941899e-09,13,2025-10-06T15:08:19,7
18,3,10.0,2,100000,2,6,5.751769663434376e-09,16,2025-10-06T15:08:21,10
18,3,10.0,2,100000,2,5,2.0067095858023995e-08,23,2025-10-06T15:08:21,9
18,3,10.0,2,100000,2,6,1.2876110587543397e-08,21,2025-10-06T15:08:21,2
18,3,10.0,2,100000,2,6,6.854698921404032e-09,15,2025-10-06T15:08:22,8
18,3,10.0,2,100000,2,6,5.441784140590915e-09,19,2025-10-06T15:08:22,5
18,3,10.0,2,100000,2,6,1.2317146542203047e-08,22,2025-10-06T15:08:22,0
18,3,10.0,2,100000,2,7,5.807466939647309e-09,15,2025-10-06T15:08:34,2
18,3,10.0,2,100000,2,7,1.4259534582558078e-08,16,2025-10-06T15:08:35,5
18,3,10.0,2,100000,2,7,4.682608363796723e-09,17,2025-10-06T15:08:36,1
18,3,10.0,2,100000,2,6,8.346324090658937e-09,20,2025-10-06T15:08:37,3
18,3,10.0,2,100000,2,7,1.3367621376744291e-08,16,2025-10-06T15:08:38,4
18,3,10.0,2,100000,2,8,2.198935489053116e-09,9,2025-10-06T15:08:38,2
18,3,10.0,2,100000,2,6,7.059743223039446e-09,17,2025-10-06T15:08:47,6
18,3,10.0,2,100000,2,8,1.137955754700294e-08,17,2025-10-06T15:08:56,1
18,3,10.0,2,100000,2,8,4.456585679772674e-09,10,2025-10-06T15:08:57,4
18,3,10.0,2,100000,2,7,9.670534762517555e-09,17,2025-10-06T15:08:58,10
18,3,10.0,2,100000,2,6,2.1004026205258257e-08,17,2025-10-06T15:09:01,9
18,3,10.0,2,100000,2,8,1.2666011962229364e-08,24,2025-10-06T15:09:01,7
18,3,10.0,2,100000,2,7,8.888030930263968e-09,18,2025-10-06T15:09:02,8
18,3,10.0,2,100000,2,7,7.084276694474956e-09,18,2025-10-06T15:09:02,0
18,3,10.0,2,100000,2,8,2.326395582269761e-09,9,2025-10-06T15:09:03,10
18,3,10.0,2,100000,2,8,2.0295150388067594e-08,22,2025-10-06T15:09:10,5
18,3,10.0,2,100000,2,7,2.938928064982513e-08,19,2025-10-06T15:09:14,3
18,3,10.0,2,100000,2,9,8.943178952970589e-09,17,2025-10-06T15:09:15,2
18,3,10.0,2,100000,2,7,5.634999547829666e-09,11,2025-10-06T15:09:16,6
18,3,10.0,2,100000,2,9,1.0211594497865297e-08,16,2025-10-06T15:09:25,1
18,3,10.0,2,100000,2,9,1.198661571944364e-08,17,2025-10-06T15:09:26,4
18,3,10.0,2,100000,2,8,1.452464832324309e-08,11,2025-10-06T15:09:32,6
18,3,10.0,2,100000,2,8,1.0310278605087558e-08,14,2025-10-06T15:09:39,8
18,3,10.0,2,100000,2,7,2.6915048771581282e-08,19,2025-10-06T15:09:39,9
18,3,10.0,2,100000,2,8,5.256855843836555e-09,16,2025-10-06T15:09:39,0
18,3,10.0,2,100000,2,9,1.216994035706615e-08,23,2025-10-06T15:09:41,7
18,3,10.0,2,100000,2,9,1.054693951740893e-08,19,2025-10-06T15:09:41,10
18,3,10.0,2,100000,2,9,1.1551794697589724e-08,18,2025-10-06T15:09:42,5
18,3,10.0,2,100000,2,8,2.653342786731024e-08,17,2025-10-06T15:09:43,3
18,3,10.0,2,100000,2,9,1.3694185967583493e-08,23,2025-10-06T15:09:55,6
18,3,10.0,2,100000,2,9,8.52646232516285e-09,17,2025-10-06T15:09:58,8
18,3,10.0,2,100000,2,9,1.6245498648363187e-08,18,2025-10-06T15:09:59,0
18,3,10.0,2,100000,2,8,1.5935297074748496e-08,20,2025-10-06T15:10:00,9
18,3,10.0,2,100000,2,9,2.0837950059237274e-08,19,2025-10-06T15:10:00,3
18,3,10.0,2,100000,2,9,7.868053264629512e-09,15,2025-10-06T15:10:08,9
