n,k,t,l,r,p,rep,norm,active_count,timestamp,worker
6,6,10.0,2,100000,2,0,8.121047655361314e-11,1,2025-10-06T16:37:06,3
6,6,10.0,2,100000,2,1,4.964467945712513e-11,1,2025-10-06T16:37:06,3
6,6,10.0,2,100000,2,2,1.4273732462950513e-11,1,2025-10-06T16:37:06,3
6,6,10.0,2,100000,2,3,2.1507565678739053e-11,1,2025-10-06T16:37:06,3
6,6,10.0,2,100000,2,4,1.7321026948269888e-11,1,2025-10-06T16:37:06,3
6,6,10.0,2,100000,2,5,9.355060759557769e-12,1,2025-10-06T16:37:06,3
6,6,10.0,2,100000,2,6,2.189401705592307e-11,1,2025-10-06T16:37:06,3
6,6,10.0,2,100000,2,7,4.601752175819473e-12,1,2025-10-06T16:37:06,3
6,6,10.0,2,100000,2,8,9.148580290835467e-11,1,2025-10-06T16:37:06,3
6,6,10.0,2,100000,2,9,2.0140450623301115e-11,1,2025-10-06T16:37:06,3
6,6,10.0,2,100000,2,0,8.841306257976543e-12,1,2025-10-06T16:37:06,6
6,6,10.0,2,100000,2,0,5.93313300887695e-11,1,2025-10-06T16:37:06,1
6,6,10.0,2,100000,2,1,1.208190479573117e-11,1,2025-10-06T16:37:06,6
6,6,10.0,2,100000,2,1,2.3185432047233835e-11,1,2025-10-06T16:37:06,1
6,6,10.0,2,100000,2,2,1.3219174167593082e-11,1,2025-10-06T16:37:06,6
6,6,10.0,2,100000,2,2,1.0848415854659372e-10,1,2025-10-06T16:37:06,1
6,6,10.0,2,100000,2,3,1.0740642137227248e-11,1,2025-10-06T16:37:06,6
6,6,10.0,2,100000,2,3,6.755775565931918e-11,1,2025-10-06T16:37:06,1
6,6,10.0,2,100000,2,4,5.3772154441151294e-11,1,2025-10-06T16:37:06,6
6,6,10.0,2,100000,2,4,5.419362540401959e-11,1,2025-10-06T16:37:06,1
6,6,10.0,2,100000,2,5,1.168193760426596e-10,1,2025-10-06T16:37:06,6
6,6,10.0,2,100000,2,5,5.7215822811582334e-11,1,2025-10-06T16:37:06,1
6,6,10.0,2,100000,2,6,8.080744377476183e-12,1,2025-10-06T16:37:06,6
6,6,10.0,2,100000,2,6,3.7812753407921866e-11,1,2025-10-06T16:37:06,1
6,6,10.0,2,100000,2,7,3.0490880005240306e-11,1,2025-10-06T16:37:06,6
6,6,10.0,2,100000,2,7,3.667855395430541e-11,1,2025-10-06T16:37:06,1
6,6,10.0,2,100000,2,8,5.438870381159405e-11,1,2025-10-06T16:37:06,6
6,6,10.0,2,100000,2,8,3.424349225879029e-11,1,2025-10-06T16:37:06,1
6,6,10.0,2,100000,2,9,2.3871686788328277e-12,1,2025-10-06T16:37:06,6
6,6,10.0,2,100000,2,9,5.907449858714154e-12,1,2025-10-06T16:37:06,1
6,6,10.0,2,100000,2,0,2.045052562005425e-11,1,2025-10-06T16:37:06,0
6,6,10.0,2,100000,2,0,2.9891931666144706e-11,1,2025-10-06T16:37:06,2
6,6,10.0,2,100000,2,0,1.0320573116852819e-11,1,2025-10-06T16:37:06,7
6,6,10.0,2,100000,2,0,2.086828454833736e-11,1,2025-10-06T16:37:06,4
6,6,10.0,2,100000,2,1,9.512969327026068e-12,1,2025-10-06T16:37:06,4
6,6,10.0,2,100000,2,0,6.597216006105386e-12,1,2025-10-06T16:37:06,5
6,6,10.0,2,100000,2,1,5.482601539296607e-11,1,2025-10-06T16:37:06,2
6,6,10.0,2,100000,2,1,2.432087875727705e-11,1,2025-10-06T16:37:06,7
6,6,10.0,2,100000,2,2,2.173656124971106e-12,1,2025-10-06T16:37:06,4
6,6,10.0,2,100000,2,1,8.207844585570487e-12,1,2025-10-06T16:37:06,0
6,6,10.0,2,100000,2,2,2.4802000538708992e-11,1,2025-10-06T16:37:06,2
6,6,10.0,2,100000,2,1,4.157656432516411e-11,1,2025-10-06T16:37:06,5
6,6,10.0,2,100000,2,3,3.659876122332968e-11,1,2025-10-06T16:37:06,4
6,6,10.0,2,100000,2,2,3.015755714359836e-11,1,2025-10-06T16:37:06,7
6,6,10.0,2,100000,2,2,3.3341093021623356e-11,1,2025-10-06T16:37:06,0
6,6,10.0,2,100000,2,3,5.3128954789981614e-11,1,2025-10-06T16:37:06,2
6,6,10.0,2,100000,2,0,4.808088439532449e-11,1,2025-10-06T16:37:06,8
6,6,10.0,2,100000,2,0,6.733077103521871e-11,1,2025-10-06T16:37:06,10
6,6,10.0,2,100000,2,0,6.355010872494018e-11,1,2025-10-06T16:37:06,9
6,6,10.0,2,100000,2,2,9.553669076252996e-11,1,2025-10-06T16:37:06,5
6,6,10.0,2,100000,2,3,3.45041070612246e-12,1,2025-10-06T16:37:06,0
6,6,10.0,2,100000,2,3,3.003854474754631e-11,1,2025-10-06T16:37:06,7
6,6,10.0,2,100000,2,4,6.159091088677971e-11,1,2025-10-06T16:37:06,4
6,6,10.0,2,100000,2,1,5.658114660920577e-11,1,2025-10-06T16:37:06,9
6,6,10.0,2,100000,2,4,2.430452107977647e-11,1,2025-10-06T16:37:06,2
6,6,10.0,2,100000,2,3,4.9092338013862314e-11,1,2025-10-06T16:37:06,5
6,6,10.0,2,100000,2,1,5.367560383619764e-12,1,2025-10-06T16:37:06,10
6,6,10.0,2,100000,2,1,7.769781976659514e-11,1,2025-10-06T16:37:06,8
6,6,10.0,2,100000,2,4,6.957842323922306e-11,1,2025-10-06T16:37:06,7
6,6,10.0,2,100000,2,4,3.9534303443936636e-11,1,2025-10-06T16:37:06,0
6,6,10.0,2,100000,2,5,5.152025220575488e-11,1,2025-10-06T16:37:06,4
6,6,10.0,2,100000,2,5,3.702166510201278e-11,1,2025-10-06T16:37:06,2
6,6,10.0,2,100000,2,2,4.985726883656216e-11,1,2025-10-06T16:37:06,8
6,6,10.0,2,100000,2,2,5.765563591375449e-11,1,2025-10-06T16:37:06,9
6,6,10.0,2,100000,2,2,6.454441665935528e-11,1,2025-10-06T16:37:06,10
6,6,10.0,2,100000,2,4,8.605402502584821e-11,1,2025-10-06T16:37:06,5
6,6,10.0,2,100000,2,5,5.299036248097542e-11,1,2025-10-06T16:37:06,0
6,6,10.0,2,100000,2,6,1.366957545588161e-11,1,2025-10-06T16:37:06,2
6,6,10.0,2,100000,2,5,4.064891141251109e-11,1,2025-10-06T16:37:06,7
6,6,10.0,2,100000,2,3,6.827714897888942e-12,1,2025-10-06T16:37:06,8
6,6,10.0,2,100000,2,6,5.515437618648545e-11,1,2025-10-06T16:37:06,4
6,6,10.0,2,100000,2,3,6.239323441279335e-11,1,2025-10-06T16:37:06,9
6,6,10.0,2,100000,2,3,5.5903924532754015e-12,1,2025-10-06T16:37:06,10
6,6,10.0,2,100000,2,5,5.127040591254937e-11,1,2025-10-06T16:37:06,5
6,6,10.0,2,100000,2,6,3.5941031153531166e-11,1,2025-10-06T16:37:06,0
6,6,10.0,2,100000,2,6,1.062155911914572e-11,1,2025-10-06T16:37:06,7
6,6,10.0,2,100000,2,7,2.2375974552211104e-11,1,2025-10-06T16:37:06,4
6,6,10.0,2,100000,2,4,7.335386539509605e-11,1,2025-10-06T16:37:06,8
6,6,10.0,2,100000,2,7,6.4617384187699444e-12,1,2025-10-06T16:37:06,2
6,6,10.0,2,100000,2,4,6.5476263899214626e-12,1,2025-10-06T16:37:06,9
6,6,10.0,2,100000,2,4,4.0767905390276735e-11,1,2025-10-06T16:37:06,10
6,6,10.0,2,100000,2,6,1.0448121178321944e-10,1,2025-10-06T16:37:06,5
6,6,10.0,2,100000,2,7,8.343580346769226e-11,1,2025-10-06T16:37:06,0
6,6,10.0,2,100000,2,7,3.7325753169682673e-11,1,2025-10-06T16:37:06,7
6,6,10.0,2,100000,2,8,8.556662409970224e-11,1,2025-10-06T16:37:06,4
6,6,10.0,2,100000,2,5,8.582716984151226e-11,1,2025-10-06T16:37:06,8
6,6,10.0,2,100000,2,8,9.049109559098147e-11,1,2025-10-06T16:37:06,2
6,6,10.0,2,100000,2,5,4.55651784025502e-11,1,2025-10-06T16:37:06,9
6,6,10.0,2,100000,2,5,1.136115104452685e-10,1,2025-10-06T16:37:06,10
6,6,10.0,2,100000,2,7,4.062168619057865e-11,1,2025-10-06T16:37:06,5
6,6,10.0,2,100000,2,8,2.3162431579170835e-11,1,2025-10-06T16:37:06,0
6,6,10.0,2,100000,2,8,4.577734322391226e-11,1,2025-10-06T16:37:06,7
6,6,10.0,2,100000,2,9,1.7198792870746263e-12,1,2025-10-06T16:37:06,4
6,6,10.0,2,100000,2,6,2.7651291633397254e-11,1,2025-10-06T16:37:06,8
6,6,10.0,2,100000,2,9,5.856257189580706e-11,1,2025-10-06T16:37:06,2
6,6,10.0,2,100000,2,6,5.0308163383163377e-11,1,2025-10-06T16:37:06,9
6,6,10.0,2,100000,2,6,2.029630693571095e-11,1,2025-10-06T16:37:06,10
6,6,10.0,2,100000,2,8,2.436282685228206e-11,1,2025-10-06T16:37:06,5
6,6,10.0,2,100000,2,9,7.475964161759357e-11,1,2025-10-06T16:37:06,0
6,6,10.0,2,100000,2,9,5.5662870687799116e-11,1,2025-10-06T16:37:06,7
6,6,10.0,2,100000,2,7,5.965660454834129e-11,1,2025-10-06T16:37:06,8
6,6,10.0,2,100000,2,7,2.1887736727234357e-11,1,2025-10-06T16:37:06,9
6,6,10.0,2,100000,2,7,4.334968345773469e-12,1,2025-10-06T16:37:06,10
6,6,10.0,2,100000,2,9,2.478972149919769e-11,1,2025-10-06T16:37:06,5
6,6,10.0,2,100000,2,8,1.5419581460705875e-11,1,2025-10-06T16:37:06,8
6,6,10.0,2,100000,2,8,1.4798601849246958e-11,1,2025-10-06T16:37:06,9
6,6,10.0,2,100000,2,8,3.68143854715539e-11,1,2025-10-06T16:37:06,10
6,6,10.0,2,100000,2,9,1.022229613326462e-10,1,2025-10-06T16:37:06,8
6,6,10.0,2,100000,2,9,2.137561896666134e-12,1,2025-10-06T16:37:06,9
6,6,10.0,2,100000,2,9,2.356701881162178e-11,1,2025-10-06T16:37:06,10
8,6,10.0,2,100000,2,0,1.46472297897015e-10,7,2025-10-06T16:37:06,6
8,6,10.0,2,100000,2,0,3.0061519764532157e-10,7,2025-10-06T16:37:06,8
8,6,10.0,2,100000,2,0,1.3984136661296757e-10,8,2025-10-06T16:37:06,1
8,6,10.0,2,100000,2,0,1.9598224249913016e-10,8,2025-10-06T16:37:06,7
8,6,10.0,2,100000,2,0,2.333710785137284e-10,8,2025-10-06T16:37:06,10
8,6,10.0,2,100000,2,0,1.7662088506690037e-10,6,2025-10-06T16:37:06,4
8,6,10.0,2,100000,2,0,3.1649552789369715e-10,9,2025-10-06T16:37:06,3
8,6,10.0,2,100000,2,0,1.9351439361126275e-10,11,2025-10-06T16:37:06,0
8,6,10.0,2,100000,2,1,8.558802563554974e-11,3,2025-10-06T16:37:06,6
8,6,10.0,2,100000,2,0,2.8673291818716186e-10,7,2025-10-06T16:37:06,5
8,6,10.0,2,100000,2,0,2.3253287455787316e-10,11,2025-10-06T16:37:06,2
8,6,10.0,2,100000,2,1,2.0184676288845946e-10,5,2025-10-06T16:37:06,1
8,6,10.0,2,100000,2,0,1.4316980573659068e-10,11,2025-10-06T16:37:06,9
8,6,10.0,2,100000,2,1,1.60137839739384e-10,4,2025-10-06T16:37:06,5
8,6,10.0,2,100000,2,1,2.457363197247081e-10,6,2025-10-06T16:37:06,8
8,6,10.0,2,100000,2,1,2.094668608256137e-10,7,2025-10-06T16:37:06,10
8,6,10.0,2,100000,2,1,1.242549391426725e-10,9,2025-10-06T16:37:06,7
8,6,10.0,2,100000,2,1,1.636385755603031e-10,8,2025-10-06T16:37:06,3
8,6,10.0,2,100000,2,2,3.101465628237505e-10,8,2025-10-06T16:37:06,6
8,6,10.0,2,100000,2,2,1.6574105674611642e-10,5,2025-10-06T16:37:06,1
8,6,10.0,2,100000,2,1,6.304121646054599e-11,9,2025-10-06T16:37:06,4
8,6,10.0,2,100000,2,2,1.4678088275630172e-10,5,2025-10-06T16:37:06,5
8,6,10.0,2,100000,2,1,1.2673919103955717e-10,6,2025-10-06T16:37:06,9
8,6,10.0,2,100000,2,1,1.9186180668867787e-10,11,2025-10-06T16:37:06,0
8,6,10.0,2,100000,2,2,1.2311990131314106e-10,6,2025-10-06T16:37:06,3
8,6,10.0,2,100000,2,1,3.4534932362020855e-10,11,2025-10-06T16:37:06,2
8,6,10.0,2,100000,2,2,3.462514860879655e-10,9,2025-10-06T16:37:06,8
8,6,10.0,2,100000,2,2,1.6455846403902513e-10,8,2025-10-06T16:37:06,10
8,6,10.0,2,100000,2,3,4.408281884925443e-11,5,2025-10-06T16:37:06,5
8,6,10.0,2,100000,2,2,1.3458976929314582e-10,9,2025-10-06T16:37:06,7
8,6,10.0,2,100000,2,3,1.2499032265696803e-10,8,2025-10-06T16:37:06,6
8,6,10.0,2,100000,2,3,1.966841991840214e-10,8,2025-10-06T16:37:07,1
8,6,10.0,2,100000,2,2,9.408557158393927e-11,10,2025-10-06T16:37:07,4
8,6,10.0,2,100000,2,2,1.3842771734100118e-10,9,2025-10-06T16:37:07,9
8,6,10.0,2,100000,2,2,1.7640154392062658e-10,5,2025-10-06T16:37:07,2
8,6,10.0,2,100000,2,3,4.577794881262611e-11,7,2025-10-06T16:37:07,3
8,6,10.0,2,100000,2,3,2.350265027534135e-10,7,2025-10-06T16:37:07,10
8,6,10.0,2,100000,2,3,1.472960213988176e-10,8,2025-10-06T16:37:07,8
8,6,10.0,2,100000,2,2,3.3297958871357394e-10,11,2025-10-06T16:37:07,0
8,6,10.0,2,100000,2,4,1.3445145674680564e-10,7,2025-10-06T16:37:07,6
8,6,10.0,2,100000,2,4,4.663173717353463e-10,10,2025-10-06T16:37:07,5
8,6,10.0,2,100000,2,4,1.4454964637566495e-10,10,2025-10-06T16:37:07,1
8,6,10.0,2,100000,2,3,1.9908343568893792e-10,9,2025-10-06T16:37:07,7
8,6,10.0,2,100000,2,3,7.615614264809242e-11,4,2025-10-06T16:37:07,2
8,6,10.0,2,100000,2,3,1.626477740779935e-10,5,2025-10-06T16:37:07,9
8,6,10.0,2,100000,2,3,1.5835158967496158e-10,10,2025-10-06T16:37:07,4
8,6,10.0,2,100000,2,5,2.580414892768879e-10,7,2025-10-06T16:37:07,6
8,6,10.0,2,100000,2,4,2.347495479676124e-10,9,2025-10-06T16:37:07,8
8,6,10.0,2,100000,2,4,2.1766534155509553e-10,7,2025-10-06T16:37:07,10
8,6,10.0,2,100000,2,4,1.1657409145030067e-10,4,2025-10-06T16:37:07,7
8,6,10.0,2,100000,2,4,1.98879566804335e-10,11,2025-10-06T16:37:07,3
8,6,10.0,2,100000,2,5,1.1227491275724542e-10,7,2025-10-06T16:37:07,5
8,6,10.0,2,100000,2,4,2.8015407540304904e-10,8,2025-10-06T16:37:07,2
8,6,10.0,2,100000,2,4,9.68948184553568e-11,5,2025-10-06T16:37:07,4
8,6,10.0,2,100000,2,3,1.706424982530931e-10,10,2025-10-06T16:37:07,0
8,6,10.0,2,100000,2,5,1.2790007657582895e-10,5,2025-10-06T16:37:07,1
8,6,10.0,2,100000,2,5,2.0795576967645943e-11,3,2025-10-06T16:37:07,3
8,6,10.0,2,100000,2,5,6.764308509272864e-11,5,2025-10-06T16:37:07,7
8,6,10.0,2,100000,2,4,2.814856395405994e-10,10,2025-10-06T16:37:07,9
8,6,10.0,2,100000,2,5,2.1711610950980123e-10,7,2025-10-06T16:37:07,8
8,6,10.0,2,100000,2,6,1.5653599692057584e-10,5,2025-10-06T16:37:07,5
8,6,10.0,2,100000,2,6,6.569658158642113e-11,5,2025-10-06T16:37:07,1
8,6,10.0,2,100000,2,6,1.817835709591931e-10,9,2025-10-06T16:37:07,6
8,6,10.0,2,100000,2,6,1.2469472862060645e-10,6,2025-10-06T16:37:07,3
8,6,10.0,2,100000,2,5,2.0004044036610775e-10,12,2025-10-06T16:37:07,10
8,6,10.0,2,100000,2,5,8.998912409106995e-11,8,2025-10-06T16:37:07,2
8,6,10.0,2,100000,2,4,1.8131589042096368e-10,9,2025-10-06T16:37:07,0
8,6,10.0,2,100000,2,5,6.81666662513566e-11,6,2025-10-06T16:37:07,9
8,6,10.0,2,100000,2,5,2.552742933423784e-10,11,2025-10-06T16:37:07,4
8,6,10.0,2,100000,2,6,2.4782370655719107e-10,9,2025-10-06T16:37:07,7
8,6,10.0,2,100000,2,7,2.5564282002927026e-10,6,2025-10-06T16:37:07,1
8,6,10.0,2,100000,2,6,3.0146780535305e-10,7,2025-10-06T16:37:07,8
8,6,10.0,2,100000,2,7,9.122332715348638e-11,5,2025-10-06T16:37:07,6
8,6,10.0,2,100000,2,7,1.71273782858852e-10,9,2025-10-06T16:37:07,5
8,6,10.0,2,100000,2,6,1.6107351164795374e-10,8,2025-10-06T16:37:07,10
8,6,10.0,2,100000,2,6,1.5518397821942784e-10,7,2025-10-06T16:37:07,2
8,6,10.0,2,100000,2,6,1.630734975040182e-10,3,2025-10-06T16:37:07,4
8,6,10.0,2,100000,2,5,1.4585021467057418e-10,6,2025-10-06T16:37:07,0
8,6,10.0,2,100000,2,7,5.365988383549913e-11,6,2025-10-06T16:37:07,8
8,6,10.0,2,100000,2,7,1.7493418635134e-10,5,2025-10-06T16:37:07,7
8,6,10.0,2,100000,2,8,3.689759791867317e-10,7,2025-10-06T16:37:07,1
8,6,10.0,2,100000,2,7,3.0364279690293416e-10,13,2025-10-06T16:37:07,3
8,6,10.0,2,100000,2,6,1.5012688778258668e-10,11,2025-10-06T16:37:07,9
8,6,10.0,2,100000,2,8,1.794090229439469e-10,5,2025-10-06T16:37:07,5
8,6,10.0,2,100000,2,7,2.0750310791286585e-10,6,2025-10-06T16:37:07,2
8,6,10.0,2,100000,2,8,2.1284710508138136e-10,9,2025-10-06T16:37:07,6
8,6,10.0,2,100000,2,6,1.6942367295988152e-10,7,2025-10-06T16:37:07,0
8,6,10.0,2,100000,2,7,1.3250772760676304e-10,6,2025-10-06T16:37:07,10
8,6,10.0,2,100000,2,9,3.0431546232384257e-10,6,2025-10-06T16:37:07,1
8,6,10.0,2,100000,2,8,5.606792374483419e-11,7,2025-10-06T16:37:07,8
8,6,10.0,2,100000,2,7,2.447267790835874e-10,11,2025-10-06T16:37:07,4
8,6,10.0,2,100000,2,7,1.0096339650995517e-10,3,2025-10-06T16:37:07,0
8,6,10.0,2,100000,2,9,1.7518812801923564e-10,8,2025-10-06T16:37:07,5
8,6,10.0,2,100000,2,8,1.1349198857839854e-10,9,2025-10-06T16:37:07,7
8,6,10.0,2,100000,2,7,1.1016417732652245e-10,8,2025-10-06T16:37:07,9
8,6,10.0,2,100000,2,8,1.4474588625674247e-10,8,2025-10-06T16:37:07,10
8,6,10.0,2,100000,2,8,1.440202260623399e-10,10,2025-10-06T16:37:07,2
8,6,10.0,2,100000,2,8,1.5252930834909545e-10,11,2025-10-06T16:37:07,3
8,6,10.0,2,100000,2,8,1.6355387991912144e-10,6,2025-10-06T16:37:07,4
8,6,10.0,2,100000,2,9,2.891603886833289e-10,10,2025-10-06T16:37:07,6
8,6,10.0,2,100000,2,8,1.0156178204200305e-10,6,2025-10-06T16:37:07,0
8,6,10.0,2,100000,2,9,1.7772869697397003e-10,8,2025-10-06T16:37:07,8
8,6,10.0,2,100000,2,9,6.623163823348926e-11,6,2025-10-06T16:37:07,10
8,6,10.0,2,100000,2,9,2.2248052580235095e-10,11,2025-10-06T16:37:07,7
8,6,10.0,2,100000,2,8,2.511792360840837e-10,11,2025-10-06T16:37:07,9
8,6,10.0,2,100000,2,9,9.362914359242363e-11,5,2025-10-06T16:37:07,0
8,6,10.0,2,100000,2,9,1.6541179256230717e-10,6,2025-10-06T16:37:07,4
8,6,10.0,2,100000,2,9,1.0599994836557021e-10,7,2025-10-06T16:37:07,3
8,6,10.0,2,100000,2,9,1.0665780387008232e-10,10,2025-10-06T16:37:07,2
8,6,10.0,2,100000,2,9,4.627145078283284e-11,5,2025-10-06T16:37:07,9
10,6,10.0,2,100000,2,0,2.0849530859129717e-10,6,2025-10-06T16:37:07,8
10,6,10.0,2,100000,2,0,4.569547799698627e-10,7,2025-10-06T16:37:07,1
10,6,10.0,2,100000,2,0,2.835404506397112e-10,9,2025-10-06T16:37:07,7
10,6,10.0,2,100000,2,0,1.6003537753332298e-10,13,2025-10-06T16:37:07,2
10,6,10.0,2,100000,2,0,3.3866963760006964e-10,9,2025-10-06T16:37:07,10
10,6,10.0,2,100000,2,0,4.1401730773210407e-10,10,2025-10-06T16:37:07,9
10,6,10.0,2,100000,2,1,2.9692432330531447e-10,8,2025-10-06T16:37:07,8
10,6,10.0,2,100000,2,0,5.073875057737476e-10,11,2025-10-06T16:37:07,5
10,6,10.0,2,100000,2,0,3.2301122941856245e-10,10,2025-10-06T16:37:07,4
10,6,10.0,2,100000,2,0,4.600393450247369e-10,14,2025-10-06T16:37:07,0
10,6,10.0,2,100000,2,0,5.197331175316479e-10,13,2025-10-06T16:37:07,6
10,6,10.0,2,100000,2,1,2.9618243449421814e-10,5,2025-10-06T16:37:07,2
10,6,10.0,2,100000,2,0,2.996203045185322e-10,18,2025-10-06T16:37:07,3
10,6,10.0,2,100000,2,1,1.6126086556494993e-10,9,2025-10-06T16:37:07,7
10,6,10.0,2,100000,2,1,2.1059611715179778e-10,7,2025-10-06T16:37:07,4
10,6,10.0,2,100000,2,1,2.833791946411502e-10,10,2025-10-06T16:37:07,10
10,6,10.0,2,100000,2,2,2.9394008651691466e-10,8,2025-10-06T16:37:07,8
10,6,10.0,2,100000,2,1,3.066210083473862e-10,14,2025-10-06T16:37:07,1
10,6,10.0,2,100000,2,1,1.4174284976725919e-10,11,2025-10-06T16:37:07,0
10,6,10.0,2,100000,2,1,1.277009686917339e-10,8,2025-10-06T16:37:07,6
10,6,10.0,2,100000,2,1,3.6231127704207283e-10,11,2025-10-06T16:37:07,5
10,6,10.0,2,100000,2,1,4.530990134624355e-10,14,2025-10-06T16:37:07,9
10,6,10.0,2,100000,2,1,2.2746542551228663e-10,10,2025-10-06T16:37:07,3
10,6,10.0,2,100000,2,2,1.1712170722954292e-10,5,2025-10-06T16:37:07,9
10,6,10.0,2,100000,2,2,1.44648268822985e-10,13,2025-10-06T16:37:07,4
10,6,10.0,2,100000,2,2,1.2585718219260744e-10,13,2025-10-06T16:37:07,7
10,6,10.0,2,100000,2,3,1.0561489857869138e-10,10,2025-10-06T16:37:07,8
10,6,10.0,2,100000,2,2,1.444124903856378e-10,7,2025-10-06T16:37:07,5
10,6,10.0,2,100000,2,2,3.956911101674485e-10,15,2025-10-06T16:37:07,2
10,6,10.0,2,100000,2,2,3.6278759240242327e-10,8,2025-10-06T16:37:07,0
10,6,10.0,2,100000,2,2,2.843809462924729e-10,13,2025-10-06T16:37:07,10
10,6,10.0,2,100000,2,2,1.5413718526190885e-10,11,2025-10-06T16:37:07,1
10,6,10.0,2,100000,2,2,2.1833444319130322e-10,11,2025-10-06T16:37:07,6
10,6,10.0,2,100000,2,2,1.8072152828115378e-10,9,2025-10-06T16:37:07,3
10,6,10.0,2,100000,2,3,1.8010873092999794e-10,8,2025-10-06T16:37:07,5
10,6,10.0,2,100000,2,3,1.787077246814259e-10,6,2025-10-06T16:37:07,6
10,6,10.0,2,100000,2,3,3.320414491374107e-10,7,2025-10-06T16:37:07,1
10,6,10.0,2,100000,2,3,3.083028365894258e-10,11,2025-10-06T16:37:07,4
10,6,10.0,2,100000,2,3,5.158190530967991e-10,9,2025-10-06T16:37:07,0
10,6,10.0,2,100000,2,3,2.0584413111718908e-10,9,2025-10-06T16:37:07,7
10,6,10.0,2,100000,2,3,3.5334590837539996e-10,12,2025-10-06T16:37:07,9
10,6,10.0,2,100000,2,4,4.5477974702395354e-10,13,2025-10-06T16:37:07,8
10,6,10.0,2,100000,2,3,7.01184654633537e-10,14,2025-10-06T16:37:07,2
10,6,10.0,2,100000,2,3,3.7800209733022415e-10,9,2025-10-06T16:37:07,3
10,6,10.0,2,100000,2,4,4.28243112640674e-10,7,2025-10-06T16:37:07,9
10,6,10.0,2,100000,2,4,1.577459051595129e-10,7,2025-10-06T16:37:07,4
10,6,10.0,2,100000,2,3,2.1405965941960267e-10,14,2025-10-06T16:37:07,10
10,6,10.0,2,100000,2,4,3.2547013112282326e-10,8,2025-10-06T16:37:07,1
10,6,10.0,2,100000,2,4,1.0791603325026491e-10,13,2025-10-06T16:37:07,5
10,6,10.0,2,100000,2,4,1.5383567447061193e-10,11,2025-10-06T16:37:07,6
10,6,10.0,2,100000,2,5,3.181076123157128e-10,7,2025-10-06T16:37:07,8
10,6,10.0,2,100000,2,4,1.238453291209348e-10,14,2025-10-06T16:37:08,0
10,6,10.0,2,100000,2,4,2.670394533318003e-10,10,2025-10-06T16:37:08,7
10,6,10.0,2,100000,2,4,4.6141360353821133e-10,10,2025-10-06T16:37:08,2
10,6,10.0,2,100000,2,5,2.5694287961058844e-10,8,2025-10-06T16:37:08,4
10,6,10.0,2,100000,2,4,3.5054914132455376e-10,9,2025-10-06T16:37:08,10
10,6,10.0,2,100000,2,4,1.9382016102686715e-10,12,2025-10-06T16:37:08,3
10,6,10.0,2,100000,2,5,3.259806618853497e-10,10,2025-10-06T16:37:08,1
10,6,10.0,2,100000,2,5,3.4465649995099906e-10,10,2025-10-06T16:37:08,9
10,6,10.0,2,100000,2,5,1.702393414362609e-10,9,2025-10-06T16:37:08,5
10,6,10.0,2,100000,2,5,1.7896200641234176e-10,10,2025-10-06T16:37:08,7
10,6,10.0,2,100000,2,6,4.4670306548866855e-10,10,2025-10-06T16:37:08,8
10,6,10.0,2,100000,2,5,2.4706101295749027e-10,10,2025-10-06T16:37:08,6
10,6,10.0,2,100000,2,5,3.8979505889221595e-10,10,2025-10-06T16:37:08,2
10,6,10.0,2,100000,2,6,2.5464785076208386e-10,12,2025-10-06T16:37:08,4
10,6,10.0,2,100000,2,5,1.9819649769147996e-10,14,2025-10-06T16:37:08,0
10,6,10.0,2,100000,2,5,5.888119520615897e-10,13,2025-10-06T16:37:08,3
10,6,10.0,2,100000,2,6,1.7171786924537435e-10,10,2025-10-06T16:37:08,7
10,6,10.0,2,100000,2,7,1.8874462365206518e-10,9,2025-10-06T16:37:08,8
10,6,10.0,2,100000,2,6,3.8380172167305723e-10,11,2025-10-06T16:37:08,5
10,6,10.0,2,100000,2,6,2.930313262817073e-10,8,2025-10-06T16:37:08,6
10,6,10.0,2,100000,2,7,2.526129963378896e-10,6,2025-10-06T16:37:08,4
10,6,10.0,2,100000,2,6,2.216066723504103e-10,11,2025-10-06T16:37:08,9
10,6,10.0,2,100000,2,6,2.3198497274978842e-10,11,2025-10-06T16:37:08,1
10,6,10.0,2,100000,2,5,9.347948550944408e-11,17,2025-10-06T16:37:08,10
10,6,10.0,2,100000,2,6,2.1231285720654294e-10,9,2025-10-06T16:37:08,2
10,6,10.0,2,100000,2,6,1.9905941284673499e-10,9,2025-10-06T16:37:08,0
10,6,10.0,2,100000,2,7,1.253320290575183e-10,4,2025-10-06T16:37:08,2
10,6,10.0,2,100000,2,6,2.0875594791595281e-10,8,2025-10-06T16:37:08,3
10,6,10.0,2,100000,2,7,1.4106981706578325e-10,8,2025-10-06T16:37:08,5
10,6,10.0,2,100000,2,7,2.0907632385237407e-10,6,2025-10-06T16:37:08,6
10,6,10.0,2,100000,2,6,1.1467303627713332e-10,5,2025-10-06T16:37:08,10
10,6,10.0,2,100000,2,7,1.7799452917326094e-10,8,2025-10-06T16:37:08,9
10,6,10.0,2,100000,2,8,5.347689069488504e-10,10,2025-10-06T16:37:08,4
10,6,10.0,2,100000,2,8,2.8225907774427677e-10,10,2025-10-06T16:37:08,8
10,6,10.0,2,100000,2,7,2.6163267836635474e-10,11,2025-10-06T16:37:08,1
10,6,10.0,2,100000,2,7,4.068447395804108e-10,12,2025-10-06T16:37:08,7
10,6,10.0,2,100000,2,8,2.9392464355972487e-10,7,2025-10-06T16:37:08,5
10,6,10.0,2,100000,2,7,2.6273616111487793e-10,7,2025-10-06T16:37:08,3
10,6,10.0,2,100000,2,8,7.215911188519634e-11,10,2025-10-06T16:37:08,2
10,6,10.0,2,100000,2,7,2.2164215222831025e-10,7,2025-10-06T16:37:08,10
10,6,10.0,2,100000,2,8,2.2290496719641838e-10,8,2025-10-06T16:37:08,6
10,6,10.0,2,100000,2,8,2.08885275605262e-10,7,2025-10-06T16:37:08,9
10,6,10.0,2,100000,2,9,1.727542252911416e-10,8,2025-10-06T16:37:08,4
10,6,10.0,2,100000,2,7,4.0606083591957595e-10,15,2025-10-06T16:37:08,0
10,6,10.0,2,100000,2,8,2.6748118318764717e-10,8,2025-10-06T16:37:08,1
10,6,10.0,2,100000,2,9,3.240436693593907e-10,3,2025-10-06T16:37:08,2
10,6,10.0,2,100000,2,8,4.056897658817923e-10,9,2025-10-06T16:37:08,7
10,6,10.0,2,100000,2,8,6.577432350007337e-11,8,2025-10-06T16:37:08,3
10,6,10.0,2,100000,2,9,2.0430498504230298e-10,7,2025-10-06T16:37:08,6
10,6,10.0,2,100000,2,9,4.6312120290665184e-10,12,2025-10-06T16:37:08,8
10,6,10.0,2,100000,2,8,9.242557155760075e-11,6,2025-10-06T16:37:08,0
10,6,10.0,2,100000,2,9,1.6463256615317816e-10,7,2025-10-06T16:37:08,9
10,6,10.0,2,100000,2,8,2.703789015075437e-10,11,2025-10-06T16:37:08,10
10,6,10.0,2,100000,2,9,1.1885510261715536e-10,4,2025-10-06T16:37:08,0
10,6,10.0,2,100000,2,9,3.2470944538392964e-10,16,2025-10-06T16:37:08,5
10,6,10.0,2,100000,2,9,2.133517473031387e-10,8,2025-10-06T16:37:08,1
10,6,10.0,2,100000,2,9,1.9577942994687385e-10,9,2025-10-06T16:37:08,7
10,6,10.0,2,100000,2,9,1.1681366205244544e-10,10,2025-10-06T16:37:08,3
10,6,10.0,2,100000,2,9,1.8872360328165535e-10,14,2025-10-06T16:37:08,10
12,6,10.0,2,100000,2,0,5.396105245482743e-10,9,2025-10-06T16:37:08,0
12,6,10.0,2,100000,2,0,5.290729039612252e-10,10,2025-10-06T16:37:08,3
12,6,10.0,2,100000,2,0,2.2257196662100452e-10,6,2025-10-06T16:37:08,9
12,6,10.0,2,100000,2,0,5.828451698059894e-10,10,2025-10-06T16:37:09,1
12,6,10.0,2,100000,2,0,4.6170830520491776e-10,12,2025-10-06T16:37:09,10
12,6,10.0,2,100000,2,0,5.749376290712032e-10,10,2025-10-06T16:37:09,7
12,6,10.0,2,100000,2,0,6.517996901730773e-10,12,2025-10-06T16:37:09,5
12,6,10.0,2,100000,2,0,7.518416942471677e-10,15,2025-10-06T16:37:09,4
12,6,10.0,2,100000,2,0,5.692383917287858e-10,20,2025-10-06T16:37:09,2
12,6,10.0,2,100000,2,1,2.527070565281964e-10,10,2025-10-06T16:37:09,9
12,6,10.0,2,100000,2,0,7.002712806525093e-10,21,2025-10-06T16:37:09,6
12,6,10.0,2,100000,2,1,5.199223681601505e-10,11,2025-10-06T16:37:09,1
12,6,10.0,2,100000,2,1,3.7195119116906875e-10,13,2025-10-06T16:37:09,0
12,6,10.0,2,100000,2,0,6.476798539834102e-10,23,2025-10-06T16:37:09,8
12,6,10.0,2,100000,2,1,3.8210415648930685e-10,7,2025-10-06T16:37:09,2
12,6,10.0,2,100000,2,1,6.270025870459658e-10,15,2025-10-06T16:37:09,7
12,6,10.0,2,100000,2,1,7.218756131903569e-10,17,2025-10-06T16:37:09,10
12,6,10.0,2,100000,2,1,7.634942090288585e-10,11,2025-10-06T16:37:09,4
12,6,10.0,2,100000,2,1,2.032779844230296e-10,4,2025-10-06T16:37:09,8
12,6,10.0,2,100000,2,1,6.793211775882033e-10,23,2025-10-06T16:37:09,3
12,6,10.0,2,100000,2,2,3.865192940053438e-10,10,2025-10-06T16:37:09,1
12,6,10.0,2,100000,2,2,3.362738328592125e-10,11,2025-10-06T16:37:09,0
12,6,10.0,2,100000,2,2,6.524863202201228e-10,15,2025-10-06T16:37:09,9
12,6,10.0,2,100000,2,1,2.7682430327245126e-10,14,2025-10-06T16:37:09,6
12,6,10.0,2,100000,2,1,1.2660229371610706e-09,19,2025-10-06T16:37:09,5
12,6,10.0,2,100000,2,2,6.053881817207494e-10,8,2025-10-06T16:37:09,7
12,6,10.0,2,100000,2,2,2.0590440639012762e-10,7,2025-10-06T16:37:09,4
12,6,10.0,2,100000,2,2,3.823075380212458e-10,12,2025-10-06T16:37:09,10
12,6,10.0,2,100000,2,3,4.591531312478479e-10,9,2025-10-06T16:37:09,0
12,6,10.0,2,100000,2,3,4.499566954100427e-10,7,2025-10-06T16:37:09,7
12,6,10.0,2,100000,2,3,4.277730825301917e-10,10,2025-10-06T16:37:09,1
12,6,10.0,2,100000,2,2,7.910942087181066e-11,13,2025-10-06T16:37:09,8
12,6,10.0,2,100000,2,2,5.308810148779946e-10,12,2025-10-06T16:37:09,3
12,6,10.0,2,100000,2,3,4.496590664986995e-10,9,2025-10-06T16:37:09,4
12,6,10.0,2,100000,2,2,6.701089029468286e-10,19,2025-10-06T16:37:09,2
12,6,10.0,2,100000,2,2,4.720670316016597e-10,12,2025-10-06T16:37:09,6
12,6,10.0,2,100000,2,4,2.668253109342109e-10,4,2025-10-06T16:37:09,0
12,6,10.0,2,100000,2,3,5.90513675333953e-10,13,2025-10-06T16:37:09,9
12,6,10.0,2,100000,2,2,8.60193460381782e-10,13,2025-10-06T16:37:09,5
12,6,10.0,2,100000,2,3,3.6528479448533615e-10,6,2025-10-06T16:37:09,8
12,6,10.0,2,100000,2,3,2.4083731166076084e-10,13,2025-10-06T16:37:09,10
12,6,10.0,2,100000,2,4,2.3900687826939743e-10,13,2025-10-06T16:37:09,1
12,6,10.0,2,100000,2,4,5.167812107188858e-10,10,2025-10-06T16:37:09,4
12,6,10.0,2,100000,2,4,3.719161069524911e-10,15,2025-10-06T16:37:09,7
12,6,10.0,2,100000,2,3,8.171312020178286e-10,10,2025-10-06T16:37:09,5
12,6,10.0,2,100000,2,3,2.921397704860878e-10,15,2025-10-06T16:37:09,3
12,6,10.0,2,100000,2,3,2.653479891321835e-10,13,2025-10-06T16:37:09,6
12,6,10.0,2,100000,2,4,4.802489136900623e-10,13,2025-10-06T16:37:09,8
12,6,10.0,2,100000,2,4,8.861317150595221e-10,14,2025-10-06T16:37:09,9
12,6,10.0,2,100000,2,3,2.2130371715558476e-10,16,2025-10-06T16:37:09,2
12,6,10.0,2,100000,2,4,4.595967934550761e-10,12,2025-10-06T16:37:10,10
12,6,10.0,2,100000,2,5,5.443438467099267e-10,18,2025-10-06T16:37:10,0
12,6,10.0,2,100000,2,5,4.822956953843838e-10,10,2025-10-06T16:37:10,4
12,6,10.0,2,100000,2,5,1.6909205631413746e-10,12,2025-10-06T16:37:10,1
12,6,10.0,2,100000,2,5,4.098439409793438e-10,11,2025-10-06T16:37:10,7
12,6,10.0,2,100000,2,4,2.7680751715343247e-10,9,2025-10-06T16:37:10,6
12,6,10.0,2,100000,2,4,8.494546142561684e-10,9,2025-10-06T16:37:10,2
12,6,10.0,2,100000,2,4,2.938660751540415e-10,12,2025-10-06T16:37:10,3
12,6,10.0,2,100000,2,4,4.88700632770686e-10,13,2025-10-06T16:37:10,5
12,6,10.0,2,100000,2,5,3.567242572256845e-10,14,2025-10-06T16:37:10,8
12,6,10.0,2,100000,2,5,3.247406293917012e-10,15,2025-10-06T16:37:10,9
12,6,10.0,2,100000,2,6,5.875112768620466e-10,11,2025-10-06T16:37:10,4
12,6,10.0,2,100000,2,5,3.550313595241342e-10,7,2025-10-06T16:37:10,5
12,6,10.0,2,100000,2,5,1.385468664367621e-10,8,2025-10-06T16:37:10,3
12,6,10.0,2,100000,2,6,3.806272147165495e-10,12,2025-10-06T16:37:10,0
12,6,10.0,2,100000,2,6,8.383443592105916e-10,12,2025-10-06T16:37:10,7
12,6,10.0,2,100000,2,5,4.702472420312512e-10,12,2025-10-06T16:37:10,2
12,6,10.0,2,100000,2,6,3.282719760016781e-10,15,2025-10-06T16:37:10,1
12,6,10.0,2,100000,2,5,2.3135747352943193e-10,18,2025-10-06T16:37:10,10
12,6,10.0,2,100000,2,6,3.416691285317319e-10,6,2025-10-06T16:37:10,3
12,6,10.0,2,100000,2,6,3.672539161679201e-10,11,2025-10-06T16:37:10,8
12,6,10.0,2,100000,2,7,4.830742142242218e-10,9,2025-10-06T16:37:10,4
12,6,10.0,2,100000,2,6,2.535734524605585e-10,7,2025-10-06T16:37:10,10
12,6,10.0,2,100000,2,5,3.8709532220783757e-10,19,2025-10-06T16:37:10,6
12,6,10.0,2,100000,2,6,2.4483932547167327e-10,12,2025-10-06T16:37:10,9
12,6,10.0,2,100000,2,7,2.733720146567785e-10,9,2025-10-06T16:37:10,3
12,6,10.0,2,100000,2,7,2.9323792141254506e-10,13,2025-10-06T16:37:10,7
12,6,10.0,2,100000,2,7,3.823739315373631e-10,14,2025-10-06T16:37:10,0
12,6,10.0,2,100000,2,6,6.011027655115586e-10,17,2025-10-06T16:37:10,5
12,6,10.0,2,100000,2,7,6.307563794790835e-10,14,2025-10-06T16:37:10,1
12,6,10.0,2,100000,2,6,2.4211420944746444e-10,7,2025-10-06T16:37:10,6
12,6,10.0,2,100000,2,8,4.3329010447747855e-10,11,2025-10-06T16:37:10,4
12,6,10.0,2,100000,2,7,2.3037745407756131e-10,11,2025-10-06T16:37:10,10
12,6,10.0,2,100000,2,7,6.707700964685214e-10,15,2025-10-06T16:37:10,8
12,6,10.0,2,100000,2,6,3.7890378015791735e-10,19,2025-10-06T16:37:10,2
12,6,10.0,2,100000,2,9,2.909651311018901e-10,7,2025-10-06T16:37:10,4
12,6,10.0,2,100000,2,7,2.587600649487583e-10,17,2025-10-06T16:37:10,9
12,6,10.0,2,100000,2,8,8.173904171647648e-10,11,2025-10-06T16:37:10,3
12,6,10.0,2,100000,2,8,5.13685207296559e-10,10,2025-10-06T16:37:10,1
12,6,10.0,2,100000,2,8,4.68201967088847e-10,15,2025-10-06T16:37:10,7
12,6,10.0,2,100000,2,7,4.252246743563546e-10,17,2025-10-06T16:37:10,5
12,6,10.0,2,100000,2,8,3.8248356045735426e-10,11,2025-10-06T16:37:10,8
12,6,10.0,2,100000,2,8,6.283137874365577e-10,12,2025-10-06T16:37:10,10
12,6,10.0,2,100000,2,7,5.791583114015516e-10,18,2025-10-06T16:37:10,6
12,6,10.0,2,100000,2,8,5.089365616412253e-10,17,2025-10-06T16:37:10,0
12,6,10.0,2,100000,2,7,3.5894327837922865e-10,15,2025-10-06T16:37:10,2
12,6,10.0,2,100000,2,9,3.1715021179234875e-10,6,2025-10-06T16:37:10,8
12,6,10.0,2,100000,2,9,7.123057355856197e-10,11,2025-10-06T16:37:10,3
12,6,10.0,2,100000,2,8,6.165987406743324e-10,13,2025-10-06T16:37:10,9
12,6,10.0,2,100000,2,9,4.4346851622151076e-10,16,2025-10-06T16:37:10,1
12,6,10.0,2,100000,2,9,2.798985749427486e-10,12,2025-10-06T16:37:10,7
12,6,10.0,2,100000,2,9,4.288539380783757e-10,13,2025-10-06T16:37:10,10
12,6,10.0,2,100000,2,8,4.092614089733473e-10,13,2025-10-06T16:37:11,6
12,6,10.0,2,100000,2,9,5.761379088516019e-10,17,2025-10-06T16:37:11,0
12,6,10.0,2,100000,2,8,7.700816200777718e-10,14,2025-10-06T16:37:11,2
12,6,10.0,2,100000,2,9,6.425649322436931e-10,12,2025-10-06T16:37:11,9
12,6,10.0,2,100000,2,8,3.314244689913532e-10,25,2025-10-06T16:37:11,5
12,6,10.0,2,100000,2,9,7.735242899781275e-10,9,2025-10-06T16:37:11,6
12,6,10.0,2,100000,2,9,3.5532508350495296e-10,10,2025-10-06T16:37:11,2
12,6,10.0,2,100000,2,9,3.348766693636873e-10,9,2025-10-06T16:37:11,5
14,6,10.0,2,100000,2,0,3.3429447044567695e-10,7,2025-10-06T16:37:12,3
14,6,10.0,2,100000,2,0,4.767023171950056e-10,7,2025-10-06T16:37:12,8
14,6,10.0,2,100000,2,0,2.4447092616970904e-10,13,2025-10-06T16:37:12,1
14,6,10.0,2,100000,2,0,1.0102317560964506e-09,13,2025-10-06T16:37:12,7
14,6,10.0,2,100000,2,0,7.415692275484419e-10,14,2025-10-06T16:37:12,10
14,6,10.0,2,100000,2,0,5.025502650793582e-10,20,2025-10-06T16:37:12,4
14,6,10.0,2,100000,2,0,5.776092544678368e-10,11,2025-10-06T16:37:12,6
14,6,10.0,2,100000,2,0,5.514011134174262e-10,9,2025-10-06T16:37:12,2
14,6,10.0,2,100000,2,1,7.693083362876122e-10,12,2025-10-06T16:37:12,8
14,6,10.0,2,100000,2,1,6.71943818608099e-10,15,2025-10-06T16:37:12,3
14,6,10.0,2,100000,2,0,3.998867368112391e-10,14,2025-10-06T16:37:12,0
14,6,10.0,2,100000,2,1,8.236226948168453e-10,16,2025-10-06T16:37:12,1
14,6,10.0,2,100000,2,0,1.4381152153026932e-09,19,2025-10-06T16:37:12,9
14,6,10.0,2,100000,2,2,3.5333819352728217e-10,8,2025-10-06T16:37:12,8
14,6,10.0,2,100000,2,0,4.101509754330083e-10,19,2025-10-06T16:37:12,5
14,6,10.0,2,100000,2,1,6.74132413334973e-10,12,2025-10-06T16:37:12,6
14,6,10.0,2,100000,2,1,7.480714456968214e-10,14,2025-10-06T16:37:12,10
14,6,10.0,2,100000,2,1,1.0904343441321758e-09,15,2025-10-06T16:37:12,7
14,6,10.0,2,100000,2,1,5.100762450305935e-10,7,2025-10-06T16:37:12,9
14,6,10.0,2,100000,2,1,4.471042211629872e-10,16,2025-10-06T16:37:13,4
14,6,10.0,2,100000,2,2,7.950144899206109e-10,12,2025-10-06T16:37:13,3
14,6,10.0,2,100000,2,1,7.954688438716683e-10,16,2025-10-06T16:37:13,2
14,6,10.0,2,100000,2,1,3.2845687565474795e-10,7,2025-10-06T16:37:13,5
14,6,10.0,2,100000,2,2,3.6924153788814063e-10,13,2025-10-06T16:37:13,1
14,6,10.0,2,100000,2,1,6.442711861100019e-10,16,2025-10-06T16:37:13,0
14,6,10.0,2,100000,2,3,3.423587873805698e-10,18,2025-10-06T16:37:13,8
14,6,10.0,2,100000,2,2,5.269831638205944e-10,11,2025-10-06T16:37:13,9
14,6,10.0,2,100000,2,3,7.080688476369356e-10,10,2025-10-06T16:37:13,3
14,6,10.0,2,100000,2,2,8.506722230284838e-10,9,2025-10-06T16:37:13,5
14,6,10.0,2,100000,2,2,1.4061248913164281e-09,15,2025-10-06T16:37:13,7
14,6,10.0,2,100000,2,2,3.080872349623622e-10,18,2025-10-06T16:37:13,10
14,6,10.0,2,100000,2,2,1.0066323082604936e-09,12,2025-10-06T16:37:13,0
14,6,10.0,2,100000,2,2,1.2991012612722543e-09,18,2025-10-06T16:37:13,4
14,6,10.0,2,100000,2,2,6.734840989510211e-10,25,2025-10-06T16:37:13,6
14,6,10.0,2,100000,2,3,7.374856054013186e-10,16,2025-10-06T16:37:13,1
14,6,10.0,2,100000,2,2,6.853747614544e-10,21,2025-10-06T16:37:13,2
14,6,10.0,2,100000,2,3,8.030848353600607e-10,13,2025-10-06T16:37:13,9
14,6,10.0,2,100000,2,4,7.170270380833383e-10,16,2025-10-06T16:37:13,8
14,6,10.0,2,100000,2,4,6.920088993170904e-10,16,2025-10-06T16:37:13,3
14,6,10.0,2,100000,2,3,6.918184938077053e-10,14,2025-10-06T16:37:13,7
14,6,10.0,2,100000,2,3,2.153567848583834e-10,11,2025-10-06T16:37:13,10
14,6,10.0,2,100000,2,3,7.889870241656629e-10,15,2025-10-06T16:37:14,0
14,6,10.0,2,100000,2,3,6.704869068270621e-10,14,2025-10-06T16:37:14,4
14,6,10.0,2,100000,2,3,2.4572798130741835e-10,21,2025-10-06T16:37:14,5
14,6,10.0,2,100000,2,4,9.075642775819306e-10,12,2025-10-06T16:37:14,1
14,6,10.0,2,100000,2,4,4.645994016797101e-10,12,2025-10-06T16:37:14,9
14,6,10.0,2,100000,2,3,3.0972001008686434e-10,16,2025-10-06T16:37:14,6
14,6,10.0,2,100000,2,3,6.464724917979567e-10,16,2025-10-06T16:37:14,2
14,6,10.0,2,100000,2,5,3.446323097465933e-10,15,2025-10-06T16:37:14,8
14,6,10.0,2,100000,2,5,6.491621303418861e-10,17,2025-10-06T16:37:14,3
14,6,10.0,2,100000,2,4,7.482188786331175e-10,16,2025-10-06T16:37:14,10
14,6,10.0,2,100000,2,4,4.5945824139866476e-10,12,2025-10-06T16:37:14,0
14,6,10.0,2,100000,2,4,4.590941829142259e-10,15,2025-10-06T16:37:14,5
14,6,10.0,2,100000,2,5,4.1984301652601134e-10,14,2025-10-06T16:37:14,1
14,6,10.0,2,100000,2,5,1.0428741372633629e-09,12,2025-10-06T16:37:14,9
14,6,10.0,2,100000,2,4,9.203621336181082e-10,11,2025-10-06T16:37:14,6
14,6,10.0,2,100000,2,4,8.487058438514885e-10,23,2025-10-06T16:37:14,7
14,6,10.0,2,100000,2,4,6.898316310672594e-10,9,2025-10-06T16:37:14,2
14,6,10.0,2,100000,2,4,4.772347553855275e-10,19,2025-10-06T16:37:14,4
14,6,10.0,2,100000,2,6,4.682956979425329e-10,10,2025-10-06T16:37:14,3
14,6,10.0,2,100000,2,5,8.188874932037456e-10,11,2025-10-06T16:37:14,10
14,6,10.0,2,100000,2,5,3.7806676651530485e-10,11,2025-10-06T16:37:14,0
14,6,10.0,2,100000,2,5,6.638375787883667e-10,8,2025-10-06T16:37:15,6
14,6,10.0,2,100000,2,6,1.0660122024668143e-09,16,2025-10-06T16:37:15,8
14,6,10.0,2,100000,2,6,5.883690789217921e-10,10,2025-10-06T16:37:15,9
14,6,10.0,2,100000,2,6,6.451383778488928e-10,11,2025-10-06T16:37:15,1
14,6,10.0,2,100000,2,5,4.749154845862777e-10,16,2025-10-06T16:37:15,7
14,6,10.0,2,100000,2,5,3.574178672336515e-10,15,2025-10-06T16:37:15,2
14,6,10.0,2,100000,2,5,5.835169808221324e-10,13,2025-10-06T16:37:15,4
14,6,10.0,2,100000,2,7,7.6255131569717e-10,14,2025-10-06T16:37:15,3
14,6,10.0,2,100000,2,6,1.0808871691987329e-09,15,2025-10-06T16:37:15,10
14,6,10.0,2,100000,2,5,8.583830056758888e-10,24,2025-10-06T16:37:15,5
14,6,10.0,2,100000,2,6,3.0649624214998353e-10,11,2025-10-06T16:37:15,6
14,6,10.0,2,100000,2,7,6.260002064662352e-10,11,2025-10-06T16:37:15,9
14,6,10.0,2,100000,2,7,5.992382654291876e-10,14,2025-10-06T16:37:15,1
14,6,10.0,2,100000,2,6,1.5042414888465696e-09,20,2025-10-06T16:37:15,0
14,6,10.0,2,100000,2,7,1.0835717970300359e-09,22,2025-10-06T16:37:15,8
14,6,10.0,2,100000,2,6,3.1119900162531205e-10,10,2025-10-06T16:37:15,5
14,6,10.0,2,100000,2,8,6.80564200737885e-10,12,2025-10-06T16:37:15,9
14,6,10.0,2,100000,2,8,1.1216356232756598e-09,16,2025-10-06T16:37:15,3
14,6,10.0,2,100000,2,6,9.520434557582059e-10,19,2025-10-06T16:37:15,7
14,6,10.0,2,100000,2,7,8.024343640384403e-10,13,2025-10-06T16:37:15,6
14,6,10.0,2,100000,2,7,8.479435498690263e-10,15,2025-10-06T16:37:15,10
14,6,10.0,2,100000,2,6,4.5524896881515116e-10,18,2025-10-06T16:37:15,4
14,6,10.0,2,100000,2,8,5.742483597071305e-10,12,2025-10-06T16:37:16,1
14,6,10.0,2,100000,2,6,7.142324216263207e-10,21,2025-10-06T16:37:16,2
14,6,10.0,2,100000,2,7,4.529544950011664e-10,10,2025-10-06T16:37:16,0
14,6,10.0,2,100000,2,7,6.825749125237563e-10,12,2025-10-06T16:37:16,5
14,6,10.0,2,100000,2,9,3.932024819561566e-10,10,2025-10-06T16:37:16,9
14,6,10.0,2,100000,2,9,1.083535592974388e-09,12,2025-10-06T16:37:16,3
14,6,10.0,2,100000,2,7,5.186939419853577e-10,12,2025-10-06T16:37:16,7
14,6,10.0,2,100000,2,8,1.0820783910509885e-09,19,2025-10-06T16:37:16,8
14,6,10.0,2,100000,2,8,6.415545486523499e-10,14,2025-10-06T16:37:16,10
14,6,10.0,2,100000,2,9,7.326374864443107e-10,14,2025-10-06T16:37:16,1
14,6,10.0,2,100000,2,8,3.5033575492879693e-10,16,2025-10-06T16:37:16,6
14,6,10.0,2,100000,2,8,4.748590737971511e-10,14,2025-10-06T16:37:16,0
14,6,10.0,2,100000,2,7,1.6172163588777093e-09,15,2025-10-06T16:37:16,2
14,6,10.0,2,100000,2,7,2.707541842229909e-10,18,2025-10-06T16:37:16,4
14,6,10.0,2,100000,2,8,5.616788677087586e-10,12,2025-10-06T16:37:16,5
14,6,10.0,2,100000,2,9,4.657093846786127e-10,9,2025-10-06T16:37:16,8
14,6,10.0,2,100000,2,8,2.228255892811199e-10,13,2025-10-06T16:37:16,7
14,6,10.0,2,100000,2,8,1.1704968585848477e-09,11,2025-10-06T16:37:16,4
14,6,10.0,2,100000,2,9,2.3228272416966898e-10,12,2025-10-06T16:37:16,0
14,6,10.0,2,100000,2,9,4.4203040074348017e-10,14,2025-10-06T16:37:16,10
14,6,10.0,2,100000,2,9,5.892696834497842e-10,17,2025-10-06T16:37:16,6
14,6,10.0,2,100000,2,9,6.053329864886471e-10,15,2025-10-06T16:37:16,5
14,6,10.0,2,100000,2,9,1.8902086249298784e-10,10,2025-10-06T16:37:17,7
14,6,10.0,2,100000,2,8,1.253982123766527e-09,18,2025-10-06T16:37:17,2
14,6,10.0,2,100000,2,9,5.442263360610011e-10,13,2025-10-06T16:37:17,4
14,6,10.0,2,100000,2,9,8.300065502144789e-10,9,2025-10-06T16:37:17,2
16,6,10.0,2,100000,2,0,4.474718575454141e-10,17,2025-10-06T16:37:22,7
16,6,10.0,2,100000,2,0,8.418633301408152e-10,17,2025-10-06T16:37:22,6
16,6,10.0,2,100000,2,0,1.4071845433154882e-09,13,2025-10-06T16:37:22,9
16,6,10.0,2,100000,2,1,1.1838148519627794e-09,15,2025-10-06T16:37:22,7
16,6,10.0,2,100000,2,1,7.984628667202344e-10,18,2025-10-06T16:37:22,6
16,6,10.0,2,100000,2,0,1.030581618423739e-09,22,2025-10-06T16:37:22,4
16,6,10.0,2,100000,2,0,6.252438923104647e-10,10,2025-10-06T16:37:22,8
16,6,10.0,2,100000,2,1,1.3212418134236835e-09,25,2025-10-06T16:37:22,9
16,6,10.0,2,100000,2,0,7.332322674896242e-10,16,2025-10-06T16:37:23,3
16,6,10.0,2,100000,2,0,9.844155878531863e-10,18,2025-10-06T16:37:23,1
16,6,10.0,2,100000,2,2,7.664594014187205e-10,11,2025-10-06T16:37:23,6
16,6,10.0,2,100000,2,0,1.3777995438410605e-09,13,2025-10-06T16:37:23,10
16,6,10.0,2,100000,2,1,6.456243386902322e-10,16,2025-10-06T16:37:23,4
16,6,10.0,2,100000,2,2,8.503860537580457e-10,20,2025-10-06T16:37:23,7
16,6,10.0,2,100000,2,1,9.65269213178704e-10,13,2025-10-06T16:37:23,8
16,6,10.0,2,100000,2,0,9.404202515856736e-10,26,2025-10-06T16:37:23,0
16,6,10.0,2,100000,2,2,4.6277583023354365e-10,12,2025-10-06T16:37:23,9
16,6,10.0,2,100000,2,0,1.1235758398171176e-09,21,2025-10-06T16:37:24,2
16,6,10.0,2,100000,2,0,9.98429005346935e-10,24,2025-10-06T16:37:24,5
16,6,10.0,2,100000,2,3,1.1619112025180647e-09,14,2025-10-06T16:37:24,6
16,6,10.0,2,100000,2,3,6.828734445724882e-10,12,2025-10-06T16:37:24,7
16,6,10.0,2,100000,2,2,5.820521505791613e-10,10,2025-10-06T16:37:24,8
16,6,10.0,2,100000,2,1,1.137387369757697e-09,22,2025-10-06T16:37:24,1
16,6,10.0,2,100000,2,2,1.88981661891175e-09,20,2025-10-06T16:37:25,4
16,6,10.0,2,100000,2,1,7.966179676494313e-10,16,2025-10-06T16:37:25,0
16,6,10.0,2,100000,2,1,6.514014061254177e-10,10,2025-10-06T16:37:25,5
16,6,10.0,2,100000,2,1,1.3367033223651067e-09,28,2025-10-06T16:37:25,3
16,6,10.0,2,100000,2,1,5.61236611965638e-10,22,2025-10-06T16:37:25,10
16,6,10.0,2,100000,2,1,1.4061721151578554e-09,14,2025-10-06T16:37:25,2
16,6,10.0,2,100000,2,3,1.7716970597632896e-09,16,2025-10-06T16:37:25,9
16,6,10.0,2,100000,2,2,1.0214107573378052e-09,7,2025-10-06T16:37:25,5
16,6,10.0,2,100000,2,4,1.3386664285214073e-09,18,2025-10-06T16:37:25,6
16,6,10.0,2,100000,2,4,4.18727568313257e-10,17,2025-10-06T16:37:26,7
16,6,10.0,2,100000,2,2,8.325658589613855e-10,13,2025-10-06T16:37:26,1
16,6,10.0,2,100000,2,3,6.02220683866489e-10,15,2025-10-06T16:37:26,8
16,6,10.0,2,100000,2,2,8.103901009362427e-10,10,2025-10-06T16:37:26,10
16,6,10.0,2,100000,2,2,7.294488784001297e-10,12,2025-10-06T16:37:26,3
16,6,10.0,2,100000,2,3,3.270242818124246e-10,14,2025-10-06T16:37:26,4
16,6,10.0,2,100000,2,2,1.7946142351523402e-09,14,2025-10-06T16:37:26,0
16,6,10.0,2,100000,2,2,1.3447067584156375e-09,15,2025-10-06T16:37:26,2
16,6,10.0,2,100000,2,3,6.41651537518306e-10,14,2025-10-06T16:37:27,5
16,6,10.0,2,100000,2,3,8.550724307429318e-10,12,2025-10-06T16:37:27,1
16,6,10.0,2,100000,2,4,6.269037605654601e-10,21,2025-10-06T16:37:27,9
16,6,10.0,2,100000,2,5,1.3506678942083653e-09,18,2025-10-06T16:37:27,6
16,6,10.0,2,100000,2,5,1.2531284964941597e-09,16,2025-10-06T16:37:27,7
16,6,10.0,2,100000,2,3,1.6000687019619794e-09,13,2025-10-06T16:37:27,10
16,6,10.0,2,100000,2,3,4.181921850498382e-10,15,2025-10-06T16:37:27,3
16,6,10.0,2,100000,2,3,6.93373008071284e-10,12,2025-10-06T16:37:27,0
16,6,10.0,2,100000,2,3,8.445918317578951e-10,14,2025-10-06T16:37:27,2
16,6,10.0,2,100000,2,4,1.2627214048756982e-09,20,2025-10-06T16:37:27,8
16,6,10.0,2,100000,2,4,7.736384270263331e-10,16,2025-10-06T16:37:27,4
16,6,10.0,2,100000,2,6,8.268618418586628e-10,8,2025-10-06T16:37:28,6
16,6,10.0,2,100000,2,4,1.381389068295628e-09,13,2025-10-06T16:37:28,1
16,6,10.0,2,100000,2,6,7.686485075061762e-10,11,2025-10-06T16:37:28,7
16,6,10.0,2,100000,2,4,3.799806854588704e-10,9,2025-10-06T16:37:28,0
16,6,10.0,2,100000,2,4,9.479011152161525e-10,10,2025-10-06T16:37:28,3
16,6,10.0,2,100000,2,4,1.2294448582609772e-09,18,2025-10-06T16:37:28,5
16,6,10.0,2,100000,2,5,1.6810791583171423e-09,19,2025-10-06T16:37:28,9
16,6,10.0,2,100000,2,4,1.1459970792823964e-09,13,2025-10-06T16:37:28,10
16,6,10.0,2,100000,2,5,9.300048288539801e-10,10,2025-10-06T16:37:28,4
16,6,10.0,2,100000,2,5,1.0202925703227885e-09,16,2025-10-06T16:37:29,8
16,6,10.0,2,100000,2,4,1.6730995171603837e-09,19,2025-10-06T16:37:29,2
16,6,10.0,2,100000,2,7,8.458159788924179e-10,14,2025-10-06T16:37:29,6
16,6,10.0,2,100000,2,7,5.87118478863139e-10,12,2025-10-06T16:37:29,7
16,6,10.0,2,100000,2,5,6.276216103236693e-10,11,2025-10-06T16:37:29,5
16,6,10.0,2,100000,2,5,6.382675628892946e-10,13,2025-10-06T16:37:29,3
16,6,10.0,2,100000,2,5,1.202159232049562e-09,15,2025-10-06T16:37:30,0
16,6,10.0,2,100000,2,5,5.334316763344286e-10,19,2025-10-06T16:37:30,1
16,6,10.0,2,100000,2,6,8.698470390739309e-10,16,2025-10-06T16:37:30,9
16,6,10.0,2,100000,2,6,7.469467241694314e-10,17,2025-10-06T16:37:30,4
16,6,10.0,2,100000,2,5,7.184009365483044e-10,16,2025-10-06T16:37:30,10
16,6,10.0,2,100000,2,5,1.3414395098645893e-09,17,2025-10-06T16:37:30,2
16,6,10.0,2,100000,2,8,1.7208662205796774e-09,16,2025-10-06T16:37:30,6
16,6,10.0,2,100000,2,6,1.0279951763574645e-09,23,2025-10-06T16:37:31,8
16,6,10.0,2,100000,2,8,9.278983467418318e-10,18,2025-10-06T16:37:31,7
16,6,10.0,2,100000,2,6,1.229838451618431e-09,16,2025-10-06T16:37:31,3
16,6,10.0,2,100000,2,6,7.788877439901963e-10,16,2025-10-06T16:37:31,0
16,6,10.0,2,100000,2,6,7.704065978811922e-10,18,2025-10-06T16:37:31,5
16,6,10.0,2,100000,2,6,8.801357349946535e-10,15,2025-10-06T16:37:31,1
16,6,10.0,2,100000,2,7,5.491876679825918e-10,14,2025-10-06T16:37:31,4
16,6,10.0,2,100000,2,7,2.7074878605945945e-09,18,2025-10-06T16:37:31,9
16,6,10.0,2,100000,2,6,1.5399795897257389e-09,18,2025-10-06T16:37:31,10
16,6,10.0,2,100000,2,9,8.123739811507178e-10,13,2025-10-06T16:37:32,6
16,6,10.0,2,100000,2,7,1.307877018477381e-09,9,2025-10-06T16:37:32,1
16,6,10.0,2,100000,2,7,6.704339499408019e-10,14,2025-10-06T16:37:32,8
16,6,10.0,2,100000,2,7,1.0535577701395268e-09,14,2025-10-06T16:37:32,0
16,6,10.0,2,100000,2,7,1.125316426638348e-09,15,2025-10-06T16:37:32,5
16,6,10.0,2,100000,2,9,9.567372566811443e-10,17,2025-10-06T16:37:32,7
16,6,10.0,2,100000,2,6,1.7797372272180321e-09,24,2025-10-06T16:37:32,2
16,6,10.0,2,100000,2,7,1.127776858653938e-09,21,2025-10-06T16:37:32,3
16,6,10.0,2,100000,2,8,9.581492892036835e-10,18,2025-10-06T16:37:33,4
16,6,10.0,2,100000,2,8,1.2878624262391278e-09,22,2025-10-06T16:37:33,9
16,6,10.0,2,100000,2,7,1.1257536100632604e-09,18,2025-10-06T16:37:33,10
16,6,10.0,2,100000,2,8,1.29932251622036e-09,17,2025-10-06T16:37:33,1
16,6,10.0,2,100000,2,8,1.1858427101050383e-09,18,2025-10-06T16:37:33,8
16,6,10.0,2,100000,2,8,7.675768038368234e-10,16,2025-10-06T16:37:33,5
16,6,10.0,2,100000,2,8,1.9648419281921804e-09,19,2025-10-06T16:37:33,0
16,6,10.0,2,100000,2,7,1.1495257274074148e-09,18,2025-10-06T16:37:34,2
16,6,10.0,2,100000,2,8,1.1161384145388018e-09,16,2025-10-06T16:37:34,3
16,6,10.0,2,100000,2,8,4.788258191971444e-10,9,2025-10-06T16:37:34,10
16,6,10.0,2,100000,2,9,6.90379894712092e-10,16,2025-10-06T16:37:34,4
16,6,10.0,2,100000,2,9,7.926412061221137e-10,12,2025-10-06T16:37:34,1
16,6,10.0,2,100000,2,9,6.89942719993307e-10,20,2025-10-06T16:37:34,9
16,6,10.0,2,100000,2,9,1.919226361519391e-09,10,2025-10-06T16:37:34,0
16,6,10.0,2,100000,2,9,1.0954586499139534e-09,12,2025-10-06T16:37:34,5
16,6,10.0,2,100000,2,9,1.3190880147731041e-09,16,2025-10-06T16:37:34,8
16,6,10.0,2,100000,2,8,9.312724902414615e-10,13,2025-10-06T16:37:35,2
16,6,10.0,2,100000,2,9,1.1207227225889437e-09,15,2025-10-06T16:37:35,3
16,6,10.0,2,100000,2,9,4.445489749686603e-10,7,2025-10-06T16:37:35,2
16,6,10.0,2,100000,2,9,1.0048748879804914e-09,19,2025-10-06T16:37:35,10
18,6,10.0,2,100000,2,0,1.0937632892279643e-09,16,2025-10-06T16:37:58,2
18,6,10.0,2,100000,2,0,1.080821573591306e-09,24,2025-10-06T16:38:27,9
18,6,10.0,2,100000,2,1,2.122594818553896e-09,10,2025-10-06T16:38:39,9
18,6,10.0,2,100000,2,0,2.2722110923491632e-09,15,2025-10-06T16:38:43,4
18,6,10.0,2,100000,2,0,2.3864852440339795e-09,20,2025-10-06T16:38:56,5
18,6,10.0,2,100000,2,0,1.551731869431292e-09,12,2025-10-06T16:38:59,6
18,6,10.0,2,100000,2,0,1.0430965330924334e-09,20,2025-10-06T16:39:05,0
18,6,10.0,2,100000,2,0,1.0768465100327152e-09,18,2025-10-06T16:39:07,3
18,6,10.0,2,100000,2,0,9.694469800533577e-10,12,2025-10-06T16:39:15,7
18,6,10.0,2,100000,2,1,6.384129776206525e-10,15,2025-10-06T16:39:19,2
18,6,10.0,2,100000,2,0,5.148839816921645e-10,21,2025-10-06T16:39:22,8
18,6,10.0,2,100000,2,0,1.877263420537995e-09,19,2025-10-06T16:39:24,10
18,6,10.0,2,100000,2,0,2.165264376306963e-09,19,2025-10-06T16:39:28,1
18,6,10.0,2,100000,2,1,1.5169342900142957e-09,9,2025-10-06T16:39:55,4
18,6,10.0,2,100000,2,2,9.909759963494896e-10,19,2025-10-06T16:40:05,9
18,6,10.0,2,100000,2,1,8.643061580672279e-10,15,2025-10-06T16:40:24,5
18,6,10.0,2,100000,2,1,1.6482646011665073e-09,23,2025-10-06T16:40:36,6
18,6,10.0,2,100000,2,2,4.4231428507672385e-10,11,2025-10-06T16:40:36,5
18,6,10.0,2,100000,2,1,1.5100435816131913e-09,14,2025-10-06T16:40:37,3
18,6,10.0,2,100000,2,1,1.429016591527492e-09,21,2025-10-06T16:40:42,0
18,6,10.0,2,100000,2,1,1.4470906860061145e-09,15,2025-10-06T16:40:44,7
18,6,10.0,2,100000,2,2,1.484021657095118e-09,14,2025-10-06T16:40:47,2
18,6,10.0,2,100000,2,1,9.957814750909143e-10,12,2025-10-06T16:40:48,10
18,6,10.0,2,100000,2,1,2.00913376819464e-09,20,2025-10-06T16:40:59,1
18,6,10.0,2,100000,2,1,7.093921739596322e-10,26,2025-10-06T16:40:59,8
18,6,10.0,2,100000,2,3,9.737582926603173e-10,10,2025-10-06T16:41:19,9
18,6,10.0,2,100000,2,2,2.171082729181527e-09,25,2025-10-06T16:41:24,4
18,6,10.0,2,100000,2,2,9.701417931443516e-10,12,2025-10-06T16:41:45,3
18,6,10.0,2,100000,2,3,6.52524982752257e-10,12,2025-10-06T16:41:48,5
18,6,10.0,2,100000,2,2,1.017784852430903e-09,12,2025-10-06T16:41:49,6
18,6,10.0,2,100000,2,2,7.461046838503807e-10,13,2025-10-06T16:41:59,7
18,6,10.0,2,100000,2,2,1.589792735674072e-09,19,2025-10-06T16:42:05,0
18,6,10.0,2,100000,2,2,1.999175508335078e-09,21,2025-10-06T16:42:11,10
18,6,10.0,2,100000,2,2,4.936801705908932e-10,11,2025-10-06T16:42:13,8
18,6,10.0,2,100000,2,3,9.31139681128351e-10,28,2025-10-06T16:42:14,2
18,6,10.0,2,100000,2,2,1.556417479589988e-09,23,2025-10-06T16:42:23,1
18,6,10.0,2,100000,2,4,1.4517003955207266e-09,22,2025-10-06T16:42:42,9
18,6,10.0,2,100000,2,3,7.793711383035792e-10,19,2025-10-06T16:42:43,4
18,6,10.0,2,100000,2,4,5.475909034525818e-10,12,2025-10-06T16:42:59,4
18,6,10.0,2,100000,2,3,9.448810056975653e-10,20,2025-10-06T16:43:06,3
18,6,10.0,2,100000,2,4,1.2012403635421415e-09,22,2025-10-06T16:43:15,5
18,6,10.0,2,100000,2,3,1.8363706913006992e-09,17,2025-10-06T16:43:16,6
18,6,10.0,2,100000,2,3,2.9818366135362845e-09,20,2025-10-06T16:43:26,7
18,6,10.0,2,100000,2,3,1.3648302830192875e-09,18,2025-10-06T16:43:27,0
18,6,10.0,2,100000,2,3,1.1881541912013958e-09,13,2025-10-06T16:43:36,8
18,6,10.0,2,100000,2,4,1.155883373929473e-09,16,2025-10-06T16:43:36,2
18,6,10.0,2,100000,2,3,1.4339265045646154e-09,19,2025-10-06T16:43:38,10
18,6,10.0,2,100000,2,3,1.818231597562953e-09,17,2025-10-06T16:43:48,1
18,6,10.0,2,100000,2,5,7.540784262270652e-10,16,2025-10-06T16:43:59,9
18,6,10.0,2,100000,2,5,1.559765430384694e-09,15,2025-10-06T16:44:13,4
18,6,10.0,2,100000,2,5,1.1598773116501442e-09,13,2025-10-06T16:44:19,5
18,6,10.0,2,100000,2,4,1.0049254783244087e-09,19,2025-10-06T16:44:22,3
18,6,10.0,2,100000,2,4,2.6103977700914392e-09,26,2025-10-06T16:44:38,6
18,6,10.0,2,100000,2,4,1.7590342276878123e-09,16,2025-10-06T16:44:38,7
18,6,10.0,2,100000,2,4,9.44862470845875e-10,17,2025-10-06T16:44:44,0
18,6,10.0,2,100000,2,4,6.635563085350796e-10,18,2025-10-06T16:44:54,8
18,6,10.0,2,100000,2,4,1.8289491514228885e-09,15,2025-10-06T16:44:55,10
18,6,10.0,2,100000,2,5,1.2828592735127415e-09,19,2025-10-06T16:44:59,2
18,6,10.0,2,100000,2,4,8.228762744740234e-10,18,2025-10-06T16:45:08,1
18,6,10.0,2,100000,2,6,9.783254804503328e-10,11,2025-10-06T16:45:11,2
18,6,10.0,2,100000,2,6,2.102258801910104e-09,18,2025-10-06T16:45:14,9
18,6,10.0,2,100000,2,6,1.2793060470003767e-09,16,2025-10-06T16:45:23,4
18,6,10.0,2,100000,2,6,8.365056869871208e-10,19,2025-10-06T16:45:29,5
18,6,10.0,2,100000,2,5,9.939239302440546e-10,21,2025-10-06T16:45:36,3
18,6,10.0,2,100000,2,5,1.1678776541575373e-09,13,2025-10-06T16:45:45,7
18,6,10.0,2,100000,2,5,1.1313047566990331e-09,22,2025-10-06T16:45:52,6
18,6,10.0,2,100000,2,5,8.642692816984313e-10,14,2025-10-06T16:45:52,0
18,6,10.0,2,100000,2,5,1.048812680059119e-09,19,2025-10-06T16:45:53,10
18,6,10.0,2,100000,2,5,2.6341721308514228e-09,18,2025-10-06T16:45:54,8
18,6,10.0,2,100000,2,7,1.6470227948283295e-09,15,2025-10-06T16:45:54,2
18,6,10.0,2,100000,2,5,1.1702041619637486e-09,20,2025-10-06T16:45:54,1
18,6,10.0,2,100000,2,7,9.421081127593916e-10,21,2025-10-06T16:45:55,9
18,6,10.0,2,100000,2,7,9.830402020345918e-10,21,2025-10-06T16:45:55,4
18,6,10.0,2,100000,2,7,1.0508829179441416e-09,18,2025-10-06T16:45:55,5
18,6,10.0,2,100000,2,6,8.093100159736152e-10,8,2025-10-06T16:45:57,0
18,6,10.0,2,100000,2,6,9.447315959441283e-10,12,2025-10-06T16:45:58,10
18,6,10.0,2,100000,2,6,1.63932708400221e-09,24,2025-10-06T16:45:59,3
18,6,10.0,2,100000,2,6,1.3398843937968312e-09,16,2025-10-06T16:46:00,7
18,6,10.0,2,100000,2,6,2.310783571191151e-09,18,2025-10-06T16:46:03,6
18,6,10.0,2,100000,2,8,1.6477460934455025e-09,16,2025-10-06T16:46:04,9
18,6,10.0,2,100000,2,6,1.1627223198788349e-09,18,2025-10-06T16:46:05,8
18,6,10.0,2,100000,2,8,1.2029251420961098e-09,19,2025-10-06T16:46:07,2
18,6,10.0,2,100000,2,8,1.8237517941844912e-09,17,2025-10-06T16:46:07,5
18,6,10.0,2,100000,2,6,2.0878984643456434e-09,19,2025-10-06T16:46:07,1
18,6,10.0,2,100000,2,7,4.176918014038782e-10,12,2025-10-06T16:46:07,0
18,6,10.0,2,100000,2,8,2.6186418979006207e-09,24,2025-10-06T16:46:08,4
18,6,10.0,2,100000,2,9,7.995798957015563e-10,8,2025-10-06T16:46:10,2
18,6,10.0,2,100000,2,7,1.2037991815407953e-09,19,2025-10-06T16:46:11,10
18,6,10.0,2,100000,2,7,8.367572900319664e-10,16,2025-10-06T16:46:11,7
18,6,10.0,2,100000,2,7,1.3086972224770135e-09,20,2025-10-06T16:46:12,3
18,6,10.0,2,100000,2,9,2.229172108635003e-09,15,2025-10-06T16:46:15,9
18,6,10.0,2,100000,2,9,2.0145107218091534e-09,13,2025-10-06T16:46:15,5
18,6,10.0,2,100000,2,7,2.593433661407945e-09,19,2025-10-06T16:46:15,6
18,6,10.0,2,100000,2,8,1.9163042229744814e-09,17,2025-10-06T16:46:16,0
18,6,10.0,2,100000,2,7,2.050127018507437e-09,20,2025-10-06T16:46:17,1
18,6,10.0,2,100000,2,9,2.4944019904378387e-09,21,2025-10-06T16:46:18,4
18,6,10.0,2,100000,2,7,1.052920085735118e-09,28,2025-10-06T16:46:19,8
18,6,10.0,2,100000,2,8,8.166587742819528e-10,15,2025-10-06T16:46:20,10
18,6,10.0,2,100000,2,8,9.52359368203157e-10,18,2025-10-06T16:46:21,7
18,6,10.0,2,100000,2,8,8.584829594917373e-10,21,2025-10-06T16:46:22,3
18,6,10.0,2,100000,2,8,1.9164509032192606e-09,18,2025-10-06T16:46:24,6
18,6,10.0,2,100000,2,9,9.232581132806371e-10,17,2025-10-06T16:46:24,0
18,6,10.0,2,100000,2,8,2.461168018646978e-09,17,2025-10-06T16:46:25,1
18,6,10.0,2,100000,2,9,1.4282467414227683e-09,17,2025-10-06T16:46:27,10
18,6,10.0,2,100000,2,8,2.605476829348875e-09,20,2025-10-06T16:46:28,8
18,6,10.0,2,100000,2,9,1.597836949875486e-09,11,2025-10-06T16:46:28,3
18,6,10.0,2,100000,2,9,2.3014812256199295e-09,20,2025-10-06T16:46:29,7
18,6,10.0,2,100000,2,9,1.4257161796655302e-09,15,2025-10-06T16:46:30,6
18,6,10.0,2,100000,2,9,1.3328010519477284e-09,17,2025-10-06T16:46:31,1
18,6,10.0,2,100000,2,9,1.4179988809233152e-09,22,2025-10-06T16:46:34,8
