n,k,t,l,r,p,rep,norm,active_count,timestamp,worker
6,3,10.0,1,100000,2,0,3.925620330296054e-05,4,2025-10-25T13:37:35,0
6,3,10.0,1,100000,2,0,1.842611701274096e-05,4,2025-10-25T13:37:35,3
6,3,10.0,1,100000,2,0,6.973549551102415e-05,8,2025-10-25T13:37:35,1
6,3,10.0,1,100000,2,0,2.03148442809126e-05,6,2025-10-25T13:37:35,2
6,3,10.0,1,100000,2,1,6.077411312591158e-05,8,2025-10-25T13:37:35,0
6,3,10.0,1,100000,2,0,4.10953430853665e-06,6,2025-10-25T13:37:35,6
6,3,10.0,1,100000,2,0,2.227032086213847e-05,5,2025-10-25T13:37:35,4
6,3,10.0,1,100000,2,1,1.6125118087041487e-05,5,2025-10-25T13:37:35,1
6,3,10.0,1,100000,2,1,6.799223399733718e-05,8,2025-10-25T13:37:35,2
6,3,10.0,1,100000,2,1,1.2771667782677483e-05,7,2025-10-25T13:37:35,3
6,3,10.0,1,100000,2,2,6.742037582086511e-06,3,2025-10-25T13:37:35,1
6,3,10.0,1,100000,2,0,2.8495790355885574e-05,5,2025-10-25T13:37:35,9
6,3,10.0,1,100000,2,0,1.3274545891511102e-05,3,2025-10-25T13:37:35,7
6,3,10.0,1,100000,2,2,3.2009962477744264e-05,6,2025-10-25T13:37:35,0
6,3,10.0,1,100000,2,0,2.5369711387724306e-05,9,2025-10-25T13:37:35,8
6,3,10.0,1,100000,2,0,2.969237118646083e-05,10,2025-10-25T13:37:35,5
6,3,10.0,1,100000,2,1,1.3714999977803065e-05,5,2025-10-25T13:37:35,6
6,3,10.0,1,100000,2,1,1.911346400714306e-05,4,2025-10-25T13:37:35,4
6,3,10.0,1,100000,2,2,9.191689665033675e-06,5,2025-10-25T13:37:35,3
6,3,10.0,1,100000,2,0,2.4981285452900128e-05,6,2025-10-25T13:37:35,10
6,3,10.0,1,100000,2,3,2.6336325526761278e-11,2,2025-10-25T13:37:35,3
6,3,10.0,1,100000,2,2,2.703998255908743e-05,5,2025-10-25T13:37:35,4
6,3,10.0,1,100000,2,3,1.5155635426866462e-05,5,2025-10-25T13:37:35,0
6,3,10.0,1,100000,2,1,1.0577884840846626e-05,8,2025-10-25T13:37:35,7
6,3,10.0,1,100000,2,2,1.434221708306258e-05,8,2025-10-25T13:37:35,2
6,3,10.0,1,100000,2,3,3.695276216927613e-05,5,2025-10-25T13:37:35,1
6,3,10.0,1,100000,2,1,2.6696498962403868e-05,6,2025-10-25T13:37:35,5
6,3,10.0,1,100000,2,1,3.0015307943866502e-05,7,2025-10-25T13:37:35,8
6,3,10.0,1,100000,2,2,4.119397904567456e-05,6,2025-10-25T13:37:35,6
6,3,10.0,1,100000,2,1,4.218404588967108e-05,9,2025-10-25T13:37:35,9
6,3,10.0,1,100000,2,1,2.0991560148239732e-05,5,2025-10-25T13:37:35,10
6,3,10.0,1,100000,2,4,6.863757621085312e-05,5,2025-10-25T13:37:36,3
6,3,10.0,1,100000,2,3,4.40247934930968e-05,3,2025-10-25T13:37:36,6
6,3,10.0,1,100000,2,2,9.330988141878982e-06,4,2025-10-25T13:37:36,5
6,3,10.0,1,100000,2,3,4.310497005120268e-05,8,2025-10-25T13:37:36,4
6,3,10.0,1,100000,2,4,1.5369963651608574e-05,6,2025-10-25T13:37:36,1
6,3,10.0,1,100000,2,5,2.285674262488548e-06,2,2025-10-25T13:37:36,3
6,3,10.0,1,100000,2,3,3.2170107915934664e-05,6,2025-10-25T13:37:36,2
6,3,10.0,1,100000,2,2,3.088676985067337e-05,6,2025-10-25T13:37:36,8
6,3,10.0,1,100000,2,2,4.0950407689589756e-05,5,2025-10-25T13:37:36,9
6,3,10.0,1,100000,2,4,2.606003766669754e-05,9,2025-10-25T13:37:36,0
6,3,10.0,1,100000,2,2,3.004374997964468e-05,4,2025-10-25T13:37:36,10
6,3,10.0,1,100000,2,2,4.938896311435689e-05,9,2025-10-25T13:37:36,7
6,3,10.0,1,100000,2,5,9.317916808605109e-06,3,2025-10-25T13:37:36,0
6,3,10.0,1,100000,2,6,1.1126251543510866e-05,5,2025-10-25T13:37:36,3
6,3,10.0,1,100000,2,7,3.0463729941221226e-05,5,2025-10-25T13:37:36,3
6,3,10.0,1,100000,2,8,1.3961174140891293e-05,7,2025-10-25T13:37:36,3
6,3,10.0,1,100000,2,5,3.533484872880515e-05,4,2025-10-25T13:37:36,1
6,3,10.0,1,100000,2,4,1.0028522984005165e-05,7,2025-10-25T13:37:36,6
6,3,10.0,1,100000,2,3,1.034654252696205e-05,5,2025-10-25T13:37:36,10
6,3,10.0,1,100000,2,3,1.0467436615954781e-05,6,2025-10-25T13:37:36,9
6,3,10.0,1,100000,2,9,2.348479140627202e-06,3,2025-10-25T13:37:36,3
6,3,10.0,1,100000,2,6,2.7309952954262968e-05,7,2025-10-25T13:37:36,0
6,3,10.0,1,100000,2,4,3.609752181622974e-05,7,2025-10-25T13:37:36,4
6,3,10.0,1,100000,2,7,2.9978855136799967e-05,5,2025-10-25T13:37:36,0
6,3,10.0,1,100000,2,3,1.889149483529414e-05,5,2025-10-25T13:37:36,5
6,3,10.0,1,100000,2,4,1.439503391293356e-05,6,2025-10-25T13:37:36,2
6,3,10.0,1,100000,2,8,1.6758914575573743e-05,6,2025-10-25T13:37:36,0
6,3,10.0,1,100000,2,4,2.6807992153249632e-11,2,2025-10-25T13:37:36,10
6,3,10.0,1,100000,2,9,1.80765410916783e-05,7,2025-10-25T13:37:36,0
6,3,10.0,1,100000,2,3,9.175092938147089e-05,10,2025-10-25T13:37:36,8
6,3,10.0,1,100000,2,3,5.5308049527139476e-05,11,2025-10-25T13:37:36,7
6,3,10.0,1,100000,2,4,2.8676537779445475e-05,7,2025-10-25T13:37:36,7
6,3,10.0,1,100000,2,4,6.170318882775744e-06,4,2025-10-25T13:37:36,9
6,3,10.0,1,100000,2,5,4.280020601051788e-05,9,2025-10-25T13:37:36,2
6,3,10.0,1,100000,2,4,2.843054380534194e-05,8,2025-10-25T13:37:36,5
6,3,10.0,1,100000,2,4,1.1772072939210738e-06,3,2025-10-25T13:37:36,8
6,3,10.0,1,100000,2,5,2.4740815218807272e-05,10,2025-10-25T13:37:36,6
6,3,10.0,1,100000,2,5,6.134169471449172e-05,8,2025-10-25T13:37:36,10
6,3,10.0,1,100000,2,5,2.1154330544561717e-05,6,2025-10-25T13:37:36,4
6,3,10.0,1,100000,2,5,2.9030439796278824e-05,7,2025-10-25T13:37:36,7
6,3,10.0,1,100000,2,5,2.3708440364907615e-05,5,2025-10-25T13:37:36,9
6,3,10.0,1,100000,2,6,1.1818169633808864e-05,7,2025-10-25T13:37:36,6
6,3,10.0,1,100000,2,5,8.528774052854962e-06,4,2025-10-25T13:37:36,8
6,3,10.0,1,100000,2,6,4.176463591260935e-05,10,2025-10-25T13:37:36,2
6,3,10.0,1,100000,2,5,3.86454658822573e-05,7,2025-10-25T13:37:36,5
6,3,10.0,1,100000,2,6,8.485185141827866e-05,12,2025-10-25T13:37:36,1
6,3,10.0,1,100000,2,6,2.1160514080373954e-05,5,2025-10-25T13:37:36,9
6,3,10.0,1,100000,2,6,2.8358302734867704e-05,7,2025-10-25T13:37:36,10
6,3,10.0,1,100000,2,6,1.9128548979567345e-05,6,2025-10-25T13:37:36,7
6,3,10.0,1,100000,2,6,5.1126091901019595e-05,10,2025-10-25T13:37:36,4
6,3,10.0,1,100000,2,6,1.5143241087509125e-05,8,2025-10-25T13:37:36,5
6,3,10.0,1,100000,2,6,1.4875160115051637e-05,6,2025-10-25T13:37:36,8
6,3,10.0,1,100000,2,7,3.763590473154805e-05,6,2025-10-25T13:37:36,2
6,3,10.0,1,100000,2,7,1.1153404483196635e-05,6,2025-10-25T13:37:36,6
6,3,10.0,1,100000,2,7,2.0517488232686573e-05,7,2025-10-25T13:37:36,7
6,3,10.0,1,100000,2,7,1.8040528784365404e-06,4,2025-10-25T13:37:36,4
6,3,10.0,1,100000,2,8,2.6938479925484816e-05,7,2025-10-25T13:37:36,6
6,3,10.0,1,100000,2,7,4.5137985962526004e-05,7,2025-10-25T13:37:36,9
6,3,10.0,1,100000,2,9,8.237018912610508e-06,5,2025-10-25T13:37:36,6
6,3,10.0,1,100000,2,8,1.9171418815013032e-05,8,2025-10-25T13:37:36,9
6,3,10.0,1,100000,2,8,3.087443973263134e-05,4,2025-10-25T13:37:36,2
6,3,10.0,1,100000,2,7,3.799515903237281e-05,7,2025-10-25T13:37:36,1
6,3,10.0,1,100000,2,7,1.7990012569353753e-05,7,2025-10-25T13:37:36,8
6,3,10.0,1,100000,2,7,8.228216647865056e-06,5,2025-10-25T13:37:36,10
6,3,10.0,1,100000,2,9,3.425100973214388e-05,8,2025-10-25T13:37:36,9
6,3,10.0,1,100000,2,9,2.633193483798319e-06,3,2025-10-25T13:37:36,2
6,3,10.0,1,100000,2,8,3.00817271474957e-11,1,2025-10-25T13:37:36,8
6,3,10.0,1,100000,2,8,3.311403914843883e-05,7,2025-10-25T13:37:36,1
6,3,10.0,1,100000,2,8,5.8185691319307944e-05,9,2025-10-25T13:37:36,4
6,3,10.0,1,100000,2,8,2.2235557019504347e-05,7,2025-10-25T13:37:36,10
6,3,10.0,1,100000,2,9,4.4271210488109815e-05,8,2025-10-25T13:37:36,8
6,3,10.0,1,100000,2,9,3.6285064543173224e-05,6,2025-10-25T13:37:36,4
6,3,10.0,1,100000,2,9,3.6585961593425745e-05,8,2025-10-25T13:37:36,1
6,3,10.0,1,100000,2,9,9.370196876895642e-06,4,2025-10-25T13:37:36,10
6,3,10.0,1,100000,2,7,3.582633006591499e-05,9,2025-10-25T13:37:36,5
6,3,10.0,1,100000,2,8,0.00010146343605415257,9,2025-10-25T13:37:36,7
6,3,10.0,1,100000,2,8,6.132557126991124e-05,8,2025-10-25T13:37:36,5
6,3,10.0,1,100000,2,9,1.7458240741678618e-05,6,2025-10-25T13:37:36,5
6,3,10.0,1,100000,2,9,1.731423403722892e-05,4,2025-10-25T13:37:36,7
8,3,10.0,1,100000,2,0,5.449022396650421e-06,5,2025-10-25T13:37:36,3
8,3,10.0,1,100000,2,0,3.1184717031910184e-05,7,2025-10-25T13:37:36,4
8,3,10.0,1,100000,2,0,5.3668913034544524e-05,7,2025-10-25T13:37:36,10
8,3,10.0,1,100000,2,0,6.127757924492881e-06,4,2025-10-25T13:37:36,8
8,3,10.0,1,100000,2,0,4.0210239870436274e-05,5,2025-10-25T13:37:36,6
8,3,10.0,1,100000,2,0,2.6039207029467404e-05,8,2025-10-25T13:37:36,9
8,3,10.0,1,100000,2,0,0.00011061313344654223,10,2025-10-25T13:37:36,1
8,3,10.0,1,100000,2,0,5.8370413571034575e-05,11,2025-10-25T13:37:36,2
8,3,10.0,1,100000,2,0,4.8690287980109665e-05,10,2025-10-25T13:37:36,0
8,3,10.0,1,100000,2,0,5.428145268946482e-05,10,2025-10-25T13:37:36,7
8,3,10.0,1,100000,2,0,6.162971682852642e-05,14,2025-10-25T13:37:36,5
8,3,10.0,1,100000,2,1,3.094715705413409e-05,7,2025-10-25T13:37:36,4
8,3,10.0,1,100000,2,1,5.621859317219222e-05,11,2025-10-25T13:37:36,8
8,3,10.0,1,100000,2,1,3.851872831914772e-05,6,2025-10-25T13:37:36,3
8,3,10.0,1,100000,2,1,1.7301069595457018e-05,8,2025-10-25T13:37:36,1
8,3,10.0,1,100000,2,1,3.16893796754749e-05,9,2025-10-25T13:37:36,6
8,3,10.0,1,100000,2,1,3.11998539059858e-05,4,2025-10-25T13:37:36,9
8,3,10.0,1,100000,2,1,3.770697734608568e-05,8,2025-10-25T13:37:36,10
8,3,10.0,1,100000,2,2,3.162883889426797e-05,5,2025-10-25T13:37:36,4
8,3,10.0,1,100000,2,2,1.630997785476093e-05,7,2025-10-25T13:37:36,3
8,3,10.0,1,100000,2,2,2.900885952344877e-05,9,2025-10-25T13:37:36,8
8,3,10.0,1,100000,2,1,0.00012366426117311205,14,2025-10-25T13:37:36,7
8,3,10.0,1,100000,2,1,5.065497359547951e-05,10,2025-10-25T13:37:36,0
8,3,10.0,1,100000,2,1,7.005450906972727e-05,11,2025-10-25T13:37:36,5
8,3,10.0,1,100000,2,2,3.089220953959282e-05,4,2025-10-25T13:37:36,6
8,3,10.0,1,100000,2,2,1.4477971508533394e-05,4,2025-10-25T13:37:36,1
8,3,10.0,1,100000,2,1,0.00015428817558159067,13,2025-10-25T13:37:36,2
8,3,10.0,1,100000,2,2,6.528678236124806e-05,8,2025-10-25T13:37:36,9
8,3,10.0,1,100000,2,3,3.94018943898505e-05,7,2025-10-25T13:37:36,3
8,3,10.0,1,100000,2,3,3.548515760574491e-05,7,2025-10-25T13:37:36,4
8,3,10.0,1,100000,2,2,9.579958364520615e-05,12,2025-10-25T13:37:36,10
8,3,10.0,1,100000,2,3,8.615668306654731e-05,7,2025-10-25T13:37:36,6
8,3,10.0,1,100000,2,2,1.9855265154036442e-05,7,2025-10-25T13:37:36,7
8,3,10.0,1,100000,2,2,3.597662914077426e-05,6,2025-10-25T13:37:36,2
8,3,10.0,1,100000,2,2,3.400088736016902e-05,8,2025-10-25T13:37:36,0
8,3,10.0,1,100000,2,2,6.943375850928181e-06,6,2025-10-25T13:37:36,5
8,3,10.0,1,100000,2,3,3.1540956135700094e-05,6,2025-10-25T13:37:36,8
8,3,10.0,1,100000,2,4,4.181663659119563e-05,7,2025-10-25T13:37:36,3
8,3,10.0,1,100000,2,3,5.331036070896884e-05,12,2025-10-25T13:37:36,9
8,3,10.0,1,100000,2,4,3.4725316922025275e-05,5,2025-10-25T13:37:36,4
8,3,10.0,1,100000,2,3,4.963532448078033e-05,10,2025-10-25T13:37:36,1
8,3,10.0,1,100000,2,3,1.3320495818643029e-05,6,2025-10-25T13:37:36,7
8,3,10.0,1,100000,2,4,3.620005707711832e-05,4,2025-10-25T13:37:36,8
8,3,10.0,1,100000,2,5,1.1943384716642331e-05,4,2025-10-25T13:37:36,3
8,3,10.0,1,100000,2,3,7.513093182188859e-05,11,2025-10-25T13:37:36,10
8,3,10.0,1,100000,2,3,7.045978903088476e-05,8,2025-10-25T13:37:36,5
8,3,10.0,1,100000,2,4,8.733698582873733e-05,9,2025-10-25T13:37:36,6
8,3,10.0,1,100000,2,3,7.06024052919588e-05,11,2025-10-25T13:37:36,0
8,3,10.0,1,100000,2,5,5.573782757422442e-05,7,2025-10-25T13:37:36,4
8,3,10.0,1,100000,2,3,0.00010384529469076848,12,2025-10-25T13:37:36,2
8,3,10.0,1,100000,2,4,3.81717900986235e-05,10,2025-10-25T13:37:36,9
8,3,10.0,1,100000,2,5,2.663695463911973e-05,4,2025-10-25T13:37:36,6
8,3,10.0,1,100000,2,4,1.4526478618923043e-05,4,2025-10-25T13:37:36,5
8,3,10.0,1,100000,2,4,9.28570435049632e-05,10,2025-10-25T13:37:36,7
8,3,10.0,1,100000,2,6,2.5506409818498066e-05,6,2025-10-25T13:37:36,3
8,3,10.0,1,100000,2,6,4.445204972621247e-05,8,2025-10-25T13:37:36,4
8,3,10.0,1,100000,2,4,2.0416631275710697e-05,8,2025-10-25T13:37:36,10
8,3,10.0,1,100000,2,4,7.994935383625326e-05,12,2025-10-25T13:37:36,1
8,3,10.0,1,100000,2,4,4.1208795135756204e-05,7,2025-10-25T13:37:36,0
8,3,10.0,1,100000,2,5,0.00010398427402091898,12,2025-10-25T13:37:36,8
8,3,10.0,1,100000,2,4,5.112639799806558e-05,9,2025-10-25T13:37:36,2
8,3,10.0,1,100000,2,5,3.156457126379772e-05,7,2025-10-25T13:37:36,9
8,3,10.0,1,100000,2,5,2.3379944355132695e-05,6,2025-10-25T13:37:36,5
8,3,10.0,1,100000,2,5,4.387809521160104e-05,9,2025-10-25T13:37:36,7
8,3,10.0,1,100000,2,6,7.756468877294389e-05,11,2025-10-25T13:37:36,6
8,3,10.0,1,100000,2,7,4.7891938353727036e-05,12,2025-10-25T13:37:36,3
8,3,10.0,1,100000,2,5,8.666444576217894e-05,10,2025-10-25T13:37:36,2
8,3,10.0,1,100000,2,8,3.141236980404087e-05,7,2025-10-25T13:37:36,3
8,3,10.0,1,100000,2,6,8.49703120058665e-05,9,2025-10-25T13:37:36,8
8,3,10.0,1,100000,2,6,2.0406500499545458e-05,7,2025-10-25T13:37:36,5
8,3,10.0,1,100000,2,5,5.796520494270798e-05,8,2025-10-25T13:37:36,1
8,3,10.0,1,100000,2,9,2.2808023532599578e-05,4,2025-10-25T13:37:36,3
8,3,10.0,1,100000,2,6,2.7849194294230628e-05,8,2025-10-25T13:37:36,7
8,3,10.0,1,100000,2,5,3.2211351549615584e-05,10,2025-10-25T13:37:36,10
8,3,10.0,1,100000,2,6,7.831091798806486e-05,9,2025-10-25T13:37:36,9
8,3,10.0,1,100000,2,5,0.00011158283556683125,10,2025-10-25T13:37:36,0
8,3,10.0,1,100000,2,7,5.2738004988872944e-05,6,2025-10-25T13:37:36,6
8,3,10.0,1,100000,2,7,6.81418652211053e-05,11,2025-10-25T13:37:36,4
8,3,10.0,1,100000,2,6,4.411052893470883e-05,7,2025-10-25T13:37:36,10
8,3,10.0,1,100000,2,7,7.587762723378437e-05,11,2025-10-25T13:37:36,8
8,3,10.0,1,100000,2,6,3.689398759797908e-05,7,2025-10-25T13:37:36,0
8,3,10.0,1,100000,2,6,3.915661019658807e-05,9,2025-10-25T13:37:36,2
8,3,10.0,1,100000,2,7,9.918825018451026e-05,6,2025-10-25T13:37:36,5
8,3,10.0,1,100000,2,8,0.00011703258344708165,8,2025-10-25T13:37:36,6
8,3,10.0,1,100000,2,7,3.2606759176999774e-05,11,2025-10-25T13:37:36,9
8,3,10.0,1,100000,2,8,5.6827258416441244e-05,9,2025-10-25T13:37:36,4
8,3,10.0,1,100000,2,6,6.47711423270466e-05,10,2025-10-25T13:37:36,1
8,3,10.0,1,100000,2,7,6.59911653663706e-05,11,2025-10-25T13:37:36,7
8,3,10.0,1,100000,2,8,5.4177508198738794e-05,10,2025-10-25T13:37:36,9
8,3,10.0,1,100000,2,8,6.043816752844937e-05,7,2025-10-25T13:37:36,8
8,3,10.0,1,100000,2,7,2.2454664279385766e-05,8,2025-10-25T13:37:36,0
8,3,10.0,1,100000,2,7,3.310784614386961e-05,10,2025-10-25T13:37:36,1
8,3,10.0,1,100000,2,8,2.546019222610317e-05,8,2025-10-25T13:37:36,5
8,3,10.0,1,100000,2,9,3.085397530668909e-05,9,2025-10-25T13:37:36,6
8,3,10.0,1,100000,2,7,8.23735405605036e-05,14,2025-10-25T13:37:36,10
8,3,10.0,1,100000,2,7,2.1137188100470076e-05,5,2025-10-25T13:37:36,2
8,3,10.0,1,100000,2,9,1.80909800831712e-05,6,2025-10-25T13:37:36,8
8,3,10.0,1,100000,2,8,4.269995171699481e-05,8,2025-10-25T13:37:36,7
8,3,10.0,1,100000,2,8,6.951582891820529e-05,8,2025-10-25T13:37:36,1
8,3,10.0,1,100000,2,8,2.0075352097428067e-05,7,2025-10-25T13:37:36,10
8,3,10.0,1,100000,2,9,5.974413650697295e-05,10,2025-10-25T13:37:36,4
8,3,10.0,1,100000,2,8,4.5608421428942996e-11,2,2025-10-25T13:37:36,2
8,3,10.0,1,100000,2,8,7.524545987238235e-05,10,2025-10-25T13:37:36,0
8,3,10.0,1,100000,2,9,0.0001004843079349885,10,2025-10-25T13:37:36,5
8,3,10.0,1,100000,2,9,5.073296672210046e-05,11,2025-10-25T13:37:36,9
8,3,10.0,1,100000,2,9,4.136408091189695e-05,9,2025-10-25T13:37:36,7
8,3,10.0,1,100000,2,9,5.3128604597913547e-05,10,2025-10-25T13:37:36,2
8,3,10.0,1,100000,2,9,8.281448908597899e-05,12,2025-10-25T13:37:36,10
8,3,10.0,1,100000,2,9,6.800166608278904e-05,10,2025-10-25T13:37:36,0
8,3,10.0,1,100000,2,9,6.96805491237949e-05,15,2025-10-25T13:37:36,1
10,3,10.0,1,100000,2,0,5.876414637973593e-05,5,2025-10-25T13:37:36,1
10,3,10.0,1,100000,2,0,5.5712671132713956e-05,5,2025-10-25T13:37:36,5
10,3,10.0,1,100000,2,0,5.624953266206741e-05,8,2025-10-25T13:37:36,10
10,3,10.0,1,100000,2,0,7.544637074475492e-05,8,2025-10-25T13:37:36,9
10,3,10.0,1,100000,2,0,0.00010499748768329233,10,2025-10-25T13:37:36,0
10,3,10.0,1,100000,2,0,9.109078208937407e-05,11,2025-10-25T13:37:36,4
10,3,10.0,1,100000,2,0,9.219506918300146e-05,10,2025-10-25T13:37:36,6
10,3,10.0,1,100000,2,0,0.00011297352414463516,11,2025-10-25T13:37:36,7
10,3,10.0,1,100000,2,0,0.00018793032717871682,11,2025-10-25T13:37:36,3
10,3,10.0,1,100000,2,1,1.907039500165521e-05,3,2025-10-25T13:37:36,9
10,3,10.0,1,100000,2,0,0.00012309769157946076,14,2025-10-25T13:37:36,2
10,3,10.0,1,100000,2,0,0.00020891068723101152,14,2025-10-25T13:37:36,8
10,3,10.0,1,100000,2,1,7.198307213378604e-05,10,2025-10-25T13:37:36,1
10,3,10.0,1,100000,2,1,0.0001324630543738466,8,2025-10-25T13:37:36,10
10,3,10.0,1,100000,2,1,0.0002955016511854285,14,2025-10-25T13:37:36,5
10,3,10.0,1,100000,2,1,9.105659991919866e-05,11,2025-10-25T13:37:36,4
10,3,10.0,1,100000,2,1,8.837733459173638e-05,10,2025-10-25T13:37:36,0
10,3,10.0,1,100000,2,1,9.210557263816124e-05,14,2025-10-25T13:37:36,6
10,3,10.0,1,100000,2,2,8.511956666923662e-05,8,2025-10-25T13:37:36,1
10,3,10.0,1,100000,2,2,0.00012377626992949092,12,2025-10-25T13:37:36,9
10,3,10.0,1,100000,2,1,0.00027981426699451664,12,2025-10-25T13:37:36,8
10,3,10.0,1,100000,2,1,7.775133712950908e-05,15,2025-10-25T13:37:36,7
10,3,10.0,1,100000,2,2,3.7155292158800644e-05,4,2025-10-25T13:37:36,4
10,3,10.0,1,100000,2,2,5.90570446009545e-05,10,2025-10-25T13:37:36,5
10,3,10.0,1,100000,2,2,5.5526392968118817e-05,4,2025-10-25T13:37:36,0
10,3,10.0,1,100000,2,1,8.476290891424136e-05,15,2025-10-25T13:37:36,3
10,3,10.0,1,100000,2,2,7.143797567865559e-05,10,2025-10-25T13:37:36,10
10,3,10.0,1,100000,2,1,7.633962892954466e-05,16,2025-10-25T13:37:36,2
10,3,10.0,1,100000,2,2,9.224152863854063e-05,8,2025-10-25T13:37:36,6
10,3,10.0,1,100000,2,3,4.6730631557855466e-05,9,2025-10-25T13:37:36,4
10,3,10.0,1,100000,2,3,7.850429142977127e-05,9,2025-10-25T13:37:36,9
10,3,10.0,1,100000,2,3,9.62650024633163e-06,7,2025-10-25T13:37:36,5
10,3,10.0,1,100000,2,2,4.603815005666114e-05,12,2025-10-25T13:37:36,7
10,3,10.0,1,100000,2,3,0.0001315390825183542,13,2025-10-25T13:37:36,0
10,3,10.0,1,100000,2,3,0.00015805399162416702,10,2025-10-25T13:37:36,10
10,3,10.0,1,100000,2,2,0.00013697992674425788,10,2025-10-25T13:37:36,2
10,3,10.0,1,100000,2,2,0.00010718517256747528,15,2025-10-25T13:37:36,8
10,3,10.0,1,100000,2,2,9.912431286699056e-05,10,2025-10-25T13:37:36,3
10,3,10.0,1,100000,2,3,0.0001839076862978359,15,2025-10-25T13:37:36,1
10,3,10.0,1,100000,2,3,0.00011447734562626765,14,2025-10-25T13:37:36,6
10,3,10.0,1,100000,2,4,4.009855854465758e-05,6,2025-10-25T13:37:36,5
10,3,10.0,1,100000,2,4,6.13374822134522e-05,10,2025-10-25T13:37:36,4
10,3,10.0,1,100000,2,4,0.00012404291009598551,14,2025-10-25T13:37:36,9
10,3,10.0,1,100000,2,3,7.443213170231208e-05,8,2025-10-25T13:37:36,7
10,3,10.0,1,100000,2,4,8.81831818274967e-05,7,2025-10-25T13:37:36,0
10,3,10.0,1,100000,2,4,9.982730417067558e-06,6,2025-10-25T13:37:36,1
10,3,10.0,1,100000,2,4,6.155838805719283e-05,8,2025-10-25T13:37:36,10
10,3,10.0,1,100000,2,3,8.890312953998703e-05,8,2025-10-25T13:37:36,2
10,3,10.0,1,100000,2,5,8.106684086570486e-05,9,2025-10-25T13:37:36,5
10,3,10.0,1,100000,2,5,0.00013185891528995854,9,2025-10-25T13:37:36,4
10,3,10.0,1,100000,2,3,5.446415187122713e-05,12,2025-10-25T13:37:36,3
10,3,10.0,1,100000,2,3,8.86419144410559e-05,15,2025-10-25T13:37:37,8
10,3,10.0,1,100000,2,5,0.0001891675011287404,14,2025-10-25T13:37:37,0
10,3,10.0,1,100000,2,6,9.096225967389246e-05,7,2025-10-25T13:37:37,5
10,3,10.0,1,100000,2,5,9.985926552046334e-05,12,2025-10-25T13:37:37,1
10,3,10.0,1,100000,2,4,0.00011058125073195335,18,2025-10-25T13:37:37,6
10,3,10.0,1,100000,2,5,0.00014822333011701514,13,2025-10-25T13:37:37,9
10,3,10.0,1,100000,2,4,7.664635999018222e-05,10,2025-10-25T13:37:37,7
10,3,10.0,1,100000,2,5,9.825487232173949e-05,11,2025-10-25T13:37:37,10
10,3,10.0,1,100000,2,4,7.860008612313134e-05,7,2025-10-25T13:37:37,8
10,3,10.0,1,100000,2,4,6.61433475836642e-05,13,2025-10-25T13:37:37,2
10,3,10.0,1,100000,2,6,9.626112070442614e-05,11,2025-10-25T13:37:37,4
10,3,10.0,1,100000,2,6,3.419264317694229e-05,3,2025-10-25T13:37:37,10
10,3,10.0,1,100000,2,6,7.890271137913795e-05,6,2025-10-25T13:37:37,0
10,3,10.0,1,100000,2,4,8.452511738277247e-05,12,2025-10-25T13:37:37,3
10,3,10.0,1,100000,2,5,5.280265176285878e-05,6,2025-10-25T13:37:37,8
10,3,10.0,1,100000,2,6,0.0001186504580678741,12,2025-10-25T13:37:37,1
10,3,10.0,1,100000,2,5,5.345346031170735e-05,10,2025-10-25T13:37:37,6
10,3,10.0,1,100000,2,7,0.00013386290028896008,12,2025-10-25T13:37:37,5
10,3,10.0,1,100000,2,5,8.875598322517528e-05,11,2025-10-25T13:37:37,2
10,3,10.0,1,100000,2,6,0.000129748662061231,15,2025-10-25T13:37:37,9
10,3,10.0,1,100000,2,5,0.00015964304738656402,16,2025-10-25T13:37:37,7
10,3,10.0,1,100000,2,6,6.125913510788445e-05,8,2025-10-25T13:37:37,8
10,3,10.0,1,100000,2,7,0.00010233549558495037,13,2025-10-25T13:37:37,0
10,3,10.0,1,100000,2,8,4.449431181366013e-05,5,2025-10-25T13:37:37,5
10,3,10.0,1,100000,2,6,4.1649238897574426e-05,7,2025-10-25T13:37:37,6
10,3,10.0,1,100000,2,7,0.0002110502542530568,13,2025-10-25T13:37:37,4
10,3,10.0,1,100000,2,5,0.00018192640262104296,13,2025-10-25T13:37:37,3
10,3,10.0,1,100000,2,7,0.0001461380189143345,15,2025-10-25T13:37:37,10
10,3,10.0,1,100000,2,7,6.428299890821556e-05,11,2025-10-25T13:37:37,1
10,3,10.0,1,100000,2,7,8.441015627339842e-05,5,2025-10-25T13:37:37,9
10,3,10.0,1,100000,2,8,6.511977717872196e-05,8,2025-10-25T13:37:37,0
10,3,10.0,1,100000,2,6,6.665804308248097e-05,10,2025-10-25T13:37:37,2
10,3,10.0,1,100000,2,7,0.00013079661542053926,9,2025-10-25T13:37:37,6
10,3,10.0,1,100000,2,7,6.39482937247935e-05,10,2025-10-25T13:37:37,8
10,3,10.0,1,100000,2,6,0.00011216518635639136,12,2025-10-25T13:37:37,7
10,3,10.0,1,100000,2,9,8.425723049833322e-05,15,2025-10-25T13:37:37,5
10,3,10.0,1,100000,2,8,9.537182263170656e-05,12,2025-10-25T13:37:37,4
10,3,10.0,1,100000,2,8,0.00013520600570601608,11,2025-10-25T13:37:37,1
10,3,10.0,1,100000,2,7,5.471315967058123e-05,8,2025-10-25T13:37:37,2
10,3,10.0,1,100000,2,8,0.00011777636019422015,12,2025-10-25T13:37:37,10
10,3,10.0,1,100000,2,9,0.00012286521673711767,12,2025-10-25T13:37:37,0
10,3,10.0,1,100000,2,6,9.068977430177055e-05,15,2025-10-25T13:37:37,3
10,3,10.0,1,100000,2,8,0.00014067239799529335,15,2025-10-25T13:37:37,9
10,3,10.0,1,100000,2,9,1.989784514005732e-05,6,2025-10-25T13:37:37,4
10,3,10.0,1,100000,2,9,5.314678957699584e-05,5,2025-10-25T13:37:37,1
10,3,10.0,1,100000,2,9,3.40210657873858e-05,4,2025-10-25T13:37:37,9
10,3,10.0,1,100000,2,8,0.00018756461209871463,12,2025-10-25T13:37:37,8
10,3,10.0,1,100000,2,8,0.00010726191643016556,14,2025-10-25T13:37:37,6
10,3,10.0,1,100000,2,7,0.0001310766435539195,9,2025-10-25T13:37:37,7
10,3,10.0,1,100000,2,8,9.59091559976585e-05,12,2025-10-25T13:37:37,2
10,3,10.0,1,100000,2,8,6.789057139279396e-05,6,2025-10-25T13:37:37,7
10,3,10.0,1,100000,2,9,0.00015079436846377378,10,2025-10-25T13:37:37,10
10,3,10.0,1,100000,2,9,9.505015539771663e-05,9,2025-10-25T13:37:37,8
10,3,10.0,1,100000,2,7,0.00013704525651559612,13,2025-10-25T13:37:37,3
10,3,10.0,1,100000,2,9,0.00016811147113418289,11,2025-10-25T13:37:37,2
10,3,10.0,1,100000,2,9,8.802959015184617e-05,14,2025-10-25T13:37:37,6
10,3,10.0,1,100000,2,9,0.00020205610133866648,13,2025-10-25T13:37:37,7
10,3,10.0,1,100000,2,8,0.00014191225078272285,13,2025-10-25T13:37:37,3
10,3,10.0,1,100000,2,9,0.00014276855355031413,12,2025-10-25T13:37:37,3
12,3,10.0,1,100000,2,0,6.18048072011646e-05,6,2025-10-25T13:37:37,1
12,3,10.0,1,100000,2,0,0.000160894419714734,10,2025-10-25T13:37:37,3
12,3,10.0,1,100000,2,0,0.00019405961099173557,12,2025-10-25T13:37:37,0
12,3,10.0,1,100000,2,0,0.00012209724648110326,8,2025-10-25T13:37:37,10
12,3,10.0,1,100000,2,0,0.00010938878255140069,12,2025-10-25T13:37:37,6
12,3,10.0,1,100000,2,0,0.00015047633629549406,10,2025-10-25T13:37:37,9
12,3,10.0,1,100000,2,0,0.00017714257159943207,12,2025-10-25T13:37:37,2
12,3,10.0,1,100000,2,0,0.00020892276029576572,14,2025-10-25T13:37:37,8
12,3,10.0,1,100000,2,0,0.00017111247297319084,16,2025-10-25T13:37:37,4
12,3,10.0,1,100000,2,1,8.818603793477911e-05,9,2025-10-25T13:37:37,1
12,3,10.0,1,100000,2,0,0.00013692528733845816,16,2025-10-25T13:37:37,7
12,3,10.0,1,100000,2,0,0.0001798374759788279,18,2025-10-25T13:37:37,5
12,3,10.0,1,100000,2,1,0.00012668222329484583,9,2025-10-25T13:37:37,3
12,3,10.0,1,100000,2,1,3.5936973750907594e-05,8,2025-10-25T13:37:37,0
12,3,10.0,1,100000,2,1,0.00013599160380154088,13,2025-10-25T13:37:37,10
12,3,10.0,1,100000,2,1,0.00010790327438388177,9,2025-10-25T13:37:37,8
12,3,10.0,1,100000,2,1,0.00012158675924979671,8,2025-10-25T13:37:37,4
12,3,10.0,1,100000,2,1,0.00022445398445554367,12,2025-10-25T13:37:37,9
12,3,10.0,1,100000,2,1,9.886411994025145e-05,16,2025-10-25T13:37:37,6
12,3,10.0,1,100000,2,2,0.00012542174262758328,7,2025-10-25T13:37:37,0
12,3,10.0,1,100000,2,2,7.28770293556763e-05,12,2025-10-25T13:37:37,1
12,3,10.0,1,100000,2,1,0.00019021693584792747,13,2025-10-25T13:37:37,2
12,3,10.0,1,100000,2,1,0.00015391783245314033,11,2025-10-25T13:37:37,7
12,3,10.0,1,100000,2,1,0.00012561215718710764,14,2025-10-25T13:37:37,5
12,3,10.0,1,100000,2,2,4.2409044296087035e-05,8,2025-10-25T13:37:37,8
12,3,10.0,1,100000,2,2,0.00037546584085173845,16,2025-10-25T13:37:37,3
12,3,10.0,1,100000,2,2,0.00010791198786456979,7,2025-10-25T13:37:37,6
12,3,10.0,1,100000,2,2,0.00019178410120155855,12,2025-10-25T13:37:37,10
12,3,10.0,1,100000,2,3,0.00013042185467453766,9,2025-10-25T13:37:37,0
12,3,10.0,1,100000,2,3,0.0001104667216802381,10,2025-10-25T13:37:37,1
12,3,10.0,1,100000,2,2,0.00017212385186627266,14,2025-10-25T13:37:37,9
12,3,10.0,1,100000,2,3,4.232784730520386e-05,7,2025-10-25T13:37:37,8
12,3,10.0,1,100000,2,2,0.0001582677748651976,10,2025-10-25T13:37:37,2
12,3,10.0,1,100000,2,2,0.0004104443253938433,18,2025-10-25T13:37:37,4
12,3,10.0,1,100000,2,4,0.0001805096079834394,8,2025-10-25T13:37:37,0
12,3,10.0,1,100000,2,2,0.00014423845039785872,14,2025-10-25T13:37:37,5
12,3,10.0,1,100000,2,3,0.00013515687875196474,9,2025-10-25T13:37:37,10
12,3,10.0,1,100000,2,2,0.00020036180457183686,17,2025-10-25T13:37:37,7
12,3,10.0,1,100000,2,3,0.00018303854553939543,14,2025-10-25T13:37:37,3
12,3,10.0,1,100000,2,3,0.00011623343152609068,12,2025-10-25T13:37:37,6
12,3,10.0,1,100000,2,3,9.455594193750173e-05,10,2025-10-25T13:37:37,9
12,3,10.0,1,100000,2,4,0.00012642273290758117,7,2025-10-25T13:37:37,10
12,3,10.0,1,100000,2,3,0.0001629937712052397,9,2025-10-25T13:37:38,4
12,3,10.0,1,100000,2,3,0.00025629014181619475,11,2025-10-25T13:37:38,2
12,3,10.0,1,100000,2,4,0.0001466517673734019,13,2025-10-25T13:37:38,8
12,3,10.0,1,100000,2,4,0.00013827543054288117,16,2025-10-25T13:37:38,1
12,3,10.0,1,100000,2,3,6.686373997209477e-05,11,2025-10-25T13:37:38,5
12,3,10.0,1,100000,2,3,0.00015415302291315109,15,2025-10-25T13:37:38,7
12,3,10.0,1,100000,2,4,0.00021960292545324927,11,2025-10-25T13:37:38,3
12,3,10.0,1,100000,2,4,0.0001820507542983166,10,2025-10-25T13:37:38,6
12,3,10.0,1,100000,2,4,0.00014900211494456487,9,2025-10-25T13:37:38,2
12,3,10.0,1,100000,2,4,0.0002690837314274243,13,2025-10-25T13:37:38,9
12,3,10.0,1,100000,2,5,0.0004362314202353949,19,2025-10-25T13:37:38,0
12,3,10.0,1,100000,2,4,0.00013735650002570172,12,2025-10-25T13:37:38,4
12,3,10.0,1,100000,2,5,0.000127847163049237,15,2025-10-25T13:37:38,10
12,3,10.0,1,100000,2,5,0.00013926135612110605,13,2025-10-25T13:37:38,1
12,3,10.0,1,100000,2,4,0.0002167755575352874,14,2025-10-25T13:37:38,5
12,3,10.0,1,100000,2,5,0.0001677196564357212,17,2025-10-25T13:37:38,8
12,3,10.0,1,100000,2,5,0.00016195589708336975,12,2025-10-25T13:37:38,6
12,3,10.0,1,100000,2,4,0.00026805532594952573,16,2025-10-25T13:37:38,7
12,3,10.0,1,100000,2,5,0.0001577353346214687,15,2025-10-25T13:37:38,3
12,3,10.0,1,100000,2,6,9.638314389001736e-05,8,2025-10-25T13:37:38,0
12,3,10.0,1,100000,2,5,0.0001397878219111595,9,2025-10-25T13:37:38,4
12,3,10.0,1,100000,2,5,0.0001607204555602226,14,2025-10-25T13:37:38,9
12,3,10.0,1,100000,2,5,0.0003284044576465708,21,2025-10-25T13:37:38,2
12,3,10.0,1,100000,2,6,0.00017332291472911977,13,2025-10-25T13:37:38,10
12,3,10.0,1,100000,2,5,0.00016567990230809747,11,2025-10-25T13:37:38,5
12,3,10.0,1,100000,2,6,8.964532709585218e-05,11,2025-10-25T13:37:38,8
12,3,10.0,1,100000,2,6,0.00013148792923529636,12,2025-10-25T13:37:38,6
12,3,10.0,1,100000,2,6,9.518010961252669e-05,7,2025-10-25T13:37:38,9
12,3,10.0,1,100000,2,6,0.00017217653357047026,17,2025-10-25T13:37:38,3
12,3,10.0,1,100000,2,5,0.00013620356065184567,13,2025-10-25T13:37:38,7
12,3,10.0,1,100000,2,6,0.00017524033278673546,14,2025-10-25T13:37:38,1
12,3,10.0,1,100000,2,7,7.20310893976833e-05,12,2025-10-25T13:37:38,0
12,3,10.0,1,100000,2,7,0.00013077240084944828,12,2025-10-25T13:37:38,10
12,3,10.0,1,100000,2,6,0.0001305741497513202,17,2025-10-25T13:37:38,4
12,3,10.0,1,100000,2,7,3.2893070056109756e-05,6,2025-10-25T13:37:38,9
12,3,10.0,1,100000,2,6,5.78193199884492e-05,7,2025-10-25T13:37:38,5
12,3,10.0,1,100000,2,7,4.09760274111878e-05,8,2025-10-25T13:37:38,6
12,3,10.0,1,100000,2,7,8.210570318319692e-05,9,2025-10-25T13:37:38,8
12,3,10.0,1,100000,2,6,0.0004288189902401863,15,2025-10-25T13:37:38,2
12,3,10.0,1,100000,2,7,0.00023576624085900743,12,2025-10-25T13:37:38,3
12,3,10.0,1,100000,2,7,0.00016518033058449577,10,2025-10-25T13:37:38,1
12,3,10.0,1,100000,2,6,0.00021574575004550554,16,2025-10-25T13:37:38,7
12,3,10.0,1,100000,2,8,6.115352661549687e-05,8,2025-10-25T13:37:38,6
12,3,10.0,1,100000,2,8,8.127090219667537e-05,8,2025-10-25T13:37:38,9
12,3,10.0,1,100000,2,7,0.00017479828448947597,10,2025-10-25T13:37:38,4
12,3,10.0,1,100000,2,7,0.0001283832575333655,10,2025-10-25T13:37:38,5
12,3,10.0,1,100000,2,8,5.1044442057183455e-05,10,2025-10-25T13:37:38,8
12,3,10.0,1,100000,2,8,0.0003238117002978921,13,2025-10-25T13:37:38,10
12,3,10.0,1,100000,2,8,0.00025126976133368813,18,2025-10-25T13:37:38,0
12,3,10.0,1,100000,2,8,0.00021481443208721835,11,2025-10-25T13:37:38,3
12,3,10.0,1,100000,2,7,0.00017009775342063656,11,2025-10-25T13:37:38,2
12,3,10.0,1,100000,2,9,0.00011065439221295892,8,2025-10-25T13:37:38,9
12,3,10.0,1,100000,2,8,5.484559356159619e-05,9,2025-10-25T13:37:38,4
12,3,10.0,1,100000,2,7,6.592125638717476e-05,11,2025-10-25T13:37:38,7
12,3,10.0,1,100000,2,9,0.0001668446747549214,15,2025-10-25T13:37:38,6
12,3,10.0,1,100000,2,8,0.00022850776330985876,13,2025-10-25T13:37:38,1
12,3,10.0,1,100000,2,9,0.00011170384597874047,9,2025-10-25T13:37:38,8
12,3,10.0,1,100000,2,9,7.854864806441526e-05,8,2025-10-25T13:37:38,10
12,3,10.0,1,100000,2,8,0.00016515816223046714,13,2025-10-25T13:37:38,5
12,3,10.0,1,100000,2,9,7.666214074904628e-05,12,2025-10-25T13:37:38,0
12,3,10.0,1,100000,2,8,9.694787374747089e-05,12,2025-10-25T13:37:38,2
12,3,10.0,1,100000,2,9,0.0001070962805819962,11,2025-10-25T13:37:38,4
12,3,10.0,1,100000,2,9,0.00023658168784629783,13,2025-10-25T13:37:38,1
12,3,10.0,1,100000,2,9,0.0003435682647709489,16,2025-10-25T13:37:38,3
12,3,10.0,1,100000,2,9,8.803573356160861e-05,9,2025-10-25T13:37:38,5
12,3,10.0,1,100000,2,8,0.00018283237761914202,17,2025-10-25T13:37:38,7
12,3,10.0,1,100000,2,9,0.00024270149346363294,12,2025-10-25T13:37:38,2
12,3,10.0,1,100000,2,9,0.00013499672719039974,12,2025-10-25T13:37:38,7
14,3,10.0,1,100000,2,0,0.00013897471006834788,11,2025-10-25T13:37:39,9
14,3,10.0,1,100000,2,0,8.58273806129928e-05,10,2025-10-25T13:37:39,1
14,3,10.0,1,100000,2,0,0.00010586951782186148,8,2025-10-25T13:37:39,5
14,3,10.0,1,100000,2,0,0.00018401301160167862,10,2025-10-25T13:37:39,7
14,3,10.0,1,100000,2,0,0.0002359711343930556,11,2025-10-25T13:37:39,4
14,3,10.0,1,100000,2,0,0.000405358719722809,13,2025-10-25T13:37:39,8
14,3,10.0,1,100000,2,0,0.00038525968501036483,12,2025-10-25T13:37:39,10
14,3,10.0,1,100000,2,0,0.00015938776507073125,13,2025-10-25T13:37:39,3
14,3,10.0,1,100000,2,0,0.00015288181207951995,16,2025-10-25T13:37:39,0
14,3,10.0,1,100000,2,0,0.00014791587920493516,13,2025-10-25T13:37:39,2
14,3,10.0,1,100000,2,1,9.004160641809138e-05,6,2025-10-25T13:37:39,7
14,3,10.0,1,100000,2,0,0.00023787350003002695,17,2025-10-25T13:37:39,6
14,3,10.0,1,100000,2,1,0.00015501762439575,9,2025-10-25T13:37:39,5
14,3,10.0,1,100000,2,1,0.00042425889648470494,15,2025-10-25T13:37:39,9
14,3,10.0,1,100000,2,1,0.0001287126249344609,9,2025-10-25T13:37:39,4
14,3,10.0,1,100000,2,1,0.00022442283647819097,13,2025-10-25T13:37:39,1
14,3,10.0,1,100000,2,1,0.00026422938304013113,11,2025-10-25T13:37:39,8
14,3,10.0,1,100000,2,1,0.0003759157371972557,17,2025-10-25T13:37:39,3
14,3,10.0,1,100000,2,1,0.00018402233076459277,18,2025-10-25T13:37:39,10
14,3,10.0,1,100000,2,1,0.0003013325059173901,18,2025-10-25T13:37:39,0
14,3,10.0,1,100000,2,1,0.000262728215337321,14,2025-10-25T13:37:39,6
14,3,10.0,1,100000,2,2,0.0003211749442533861,15,2025-10-25T13:37:39,7
14,3,10.0,1,100000,2,1,0.000410095246789763,23,2025-10-25T13:37:39,2
14,3,10.0,1,100000,2,2,0.0002430180586807073,14,2025-10-25T13:37:39,1
14,3,10.0,1,100000,2,2,0.0005086129602182418,17,2025-10-25T13:37:39,9
14,3,10.0,1,100000,2,2,0.00033827191455740844,19,2025-10-25T13:37:39,5
14,3,10.0,1,100000,2,2,0.00010258840761085681,14,2025-10-25T13:37:39,8
14,3,10.0,1,100000,2,2,0.0002448654148029176,14,2025-10-25T13:37:39,4
14,3,10.0,1,100000,2,2,0.00018232486662318268,11,2025-10-25T13:37:39,10
14,3,10.0,1,100000,2,2,0.0002674692525582998,11,2025-10-25T13:37:39,6
14,3,10.0,1,100000,2,2,0.00028670848410467176,10,2025-10-25T13:37:39,2
14,3,10.0,1,100000,2,2,0.0004956695815749067,17,2025-10-25T13:37:39,3
14,3,10.0,1,100000,2,3,0.0003231736257283017,16,2025-10-25T13:37:39,7
14,3,10.0,1,100000,2,2,0.0004533884767282779,20,2025-10-25T13:37:39,0
14,3,10.0,1,100000,2,3,0.00020075450136954227,9,2025-10-25T13:37:40,5
14,3,10.0,1,100000,2,3,0.000393386811669591,16,2025-10-25T13:37:40,9
14,3,10.0,1,100000,2,3,0.00019145035606791432,13,2025-10-25T13:37:40,6
14,3,10.0,1,100000,2,3,0.0002656645651762067,13,2025-10-25T13:37:40,4
14,3,10.0,1,100000,2,3,0.00011606831436295652,14,2025-10-25T13:37:40,8
14,3,10.0,1,100000,2,3,0.00021024676826175622,10,2025-10-25T13:37:40,3
14,3,10.0,1,100000,2,3,0.0006518654802207395,19,2025-10-25T13:37:40,1
14,3,10.0,1,100000,2,4,0.00018155665664297663,10,2025-10-25T13:37:40,7
14,3,10.0,1,100000,2,3,0.0004903088112081083,18,2025-10-25T13:37:40,10
14,3,10.0,1,100000,2,3,0.0005444939611961782,18,2025-10-25T13:37:40,2
14,3,10.0,1,100000,2,3,0.0004875588771133274,12,2025-10-25T13:37:40,0
14,3,10.0,1,100000,2,5,0.00013356257589663102,8,2025-10-25T13:37:40,7
14,3,10.0,1,100000,2,4,0.0003841821154719347,15,2025-10-25T13:37:40,5
14,3,10.0,1,100000,2,4,0.000302435495515888,13,2025-10-25T13:37:40,9
14,3,10.0,1,100000,2,4,0.00021611172785971201,14,2025-10-25T13:37:40,4
14,3,10.0,1,100000,2,4,0.00039534039867335805,13,2025-10-25T13:37:40,6
14,3,10.0,1,100000,2,4,0.00014337148499496785,10,2025-10-25T13:37:40,0
14,3,10.0,1,100000,2,4,0.00026515502506242863,16,2025-10-25T13:37:40,8
14,3,10.0,1,100000,2,4,0.0004453813291683343,20,2025-10-25T13:37:40,1
14,3,10.0,1,100000,2,4,0.00042121888549093747,19,2025-10-25T13:37:40,3
14,3,10.0,1,100000,2,5,9.765999505671001e-05,10,2025-10-25T13:37:40,5
14,3,10.0,1,100000,2,4,0.0004401382384103791,18,2025-10-25T13:37:40,2
14,3,10.0,1,100000,2,4,0.0007238030402675183,22,2025-10-25T13:37:40,10
14,3,10.0,1,100000,2,5,0.00041520825502544653,16,2025-10-25T13:37:40,9
14,3,10.0,1,100000,2,5,0.00017970434852380849,12,2025-10-25T13:37:40,8
14,3,10.0,1,100000,2,5,0.00038355784410725705,16,2025-10-25T13:37:40,4
14,3,10.0,1,100000,2,6,0.0005961498916415939,21,2025-10-25T13:37:40,7
14,3,10.0,1,100000,2,5,0.0002480412862498778,17,2025-10-25T13:37:40,6
14,3,10.0,1,100000,2,5,0.00013023415962006718,15,2025-10-25T13:37:40,0
14,3,10.0,1,100000,2,5,0.0003588701348040005,12,2025-10-25T13:37:40,1
14,3,10.0,1,100000,2,5,8.355093181413629e-05,8,2025-10-25T13:37:40,2
14,3,10.0,1,100000,2,5,0.00014258837859708939,15,2025-10-25T13:37:40,3
14,3,10.0,1,100000,2,6,0.00014497632047816473,10,2025-10-25T13:37:40,9
14,3,10.0,1,100000,2,5,0.00028010698886008254,12,2025-10-25T13:37:40,10
14,3,10.0,1,100000,2,6,9.335382991914759e-05,7,2025-10-25T13:37:41,1
14,3,10.0,1,100000,2,6,0.00019746959474356392,8,2025-10-25T13:37:41,0
14,3,10.0,1,100000,2,6,0.0002664958109408103,11,2025-10-25T13:37:41,3
14,3,10.0,1,100000,2,6,0.0005084917654178163,22,2025-10-25T13:37:41,5
14,3,10.0,1,100000,2,7,0.0003872171543807903,15,2025-10-25T13:37:41,7
14,3,10.0,1,100000,2,6,0.0004300296499364983,15,2025-10-25T13:37:41,4
14,3,10.0,1,100000,2,6,0.000390469948595467,15,2025-10-25T13:37:41,8
14,3,10.0,1,100000,2,6,0.0004970208789570873,16,2025-10-25T13:37:41,6
14,3,10.0,1,100000,2,6,0.0002811508338093298,12,2025-10-25T13:37:41,2
14,3,10.0,1,100000,2,7,8.316066347216329e-05,10,2025-10-25T13:37:41,9
14,3,10.0,1,100000,2,7,0.00021082875851684968,14,2025-10-25T13:37:41,1
14,3,10.0,1,100000,2,6,0.0004898961877050737,17,2025-10-25T13:37:41,10
14,3,10.0,1,100000,2,7,0.00015461311534134748,9,2025-10-25T13:37:41,6
14,3,10.0,1,100000,2,7,0.00033213623577899726,15,2025-10-25T13:37:41,0
14,3,10.0,1,100000,2,7,0.00020445357212364417,11,2025-10-25T13:37:41,8
14,3,10.0,1,100000,2,8,0.00033711589252970674,13,2025-10-25T13:37:41,7
14,3,10.0,1,100000,2,7,0.00012126097504965876,14,2025-10-25T13:37:41,4
14,3,10.0,1,100000,2,7,0.00037138161720835593,18,2025-10-25T13:37:41,5
14,3,10.0,1,100000,2,7,0.0004066349664226039,16,2025-10-25T13:37:41,3
14,3,10.0,1,100000,2,8,0.0003299314944786773,12,2025-10-25T13:37:41,9
14,3,10.0,1,100000,2,7,0.00032141755158662566,16,2025-10-25T13:37:41,2
14,3,10.0,1,100000,2,8,8.603074529274583e-05,8,2025-10-25T13:37:41,8
14,3,10.0,1,100000,2,8,0.0001375171669116605,12,2025-10-25T13:37:41,0
14,3,10.0,1,100000,2,8,0.00032506304490206205,15,2025-10-25T13:37:41,1
14,3,10.0,1,100000,2,8,0.00035803058969233024,13,2025-10-25T13:37:41,6
14,3,10.0,1,100000,2,8,0.00010163793466520167,8,2025-10-25T13:37:41,2
14,3,10.0,1,100000,2,9,0.0003444932259519922,17,2025-10-25T13:37:41,7
14,3,10.0,1,100000,2,7,0.0005622023360951439,19,2025-10-25T13:37:41,10
14,3,10.0,1,100000,2,8,0.000288375751947524,14,2025-10-25T13:37:41,3
14,3,10.0,1,100000,2,8,0.0003629084290506427,16,2025-10-25T13:37:41,5
14,3,10.0,1,100000,2,9,0.000365543243004316,15,2025-10-25T13:37:41,9
14,3,10.0,1,100000,2,9,0.00023139368117707868,14,2025-10-25T13:37:41,8
14,3,10.0,1,100000,2,8,0.0003256501027405997,23,2025-10-25T13:37:41,4
14,3,10.0,1,100000,2,9,0.00018277017145311604,16,2025-10-25T13:37:41,0
14,3,10.0,1,100000,2,9,0.0002312961185598077,10,2025-10-25T13:37:41,6
14,3,10.0,1,100000,2,8,0.00021845085989883326,14,2025-10-25T13:37:41,10
14,3,10.0,1,100000,2,9,0.00031406769243793985,10,2025-10-25T13:37:42,3
14,3,10.0,1,100000,2,9,0.00022870453166738786,10,2025-10-25T13:37:42,5
14,3,10.0,1,100000,2,9,0.0003949442750167318,13,2025-10-25T13:37:42,2
14,3,10.0,1,100000,2,9,0.0005253554843686214,21,2025-10-25T13:37:42,1
14,3,10.0,1,100000,2,9,0.0001378886417428233,8,2025-10-25T13:37:42,10
14,3,10.0,1,100000,2,9,0.00026530669149474274,12,2025-10-25T13:37:42,4
16,3,10.0,1,100000,2,0,0.0001385499574164063,12,2025-10-25T13:37:43,8
16,3,10.0,1,100000,2,0,0.00039805948863479883,16,2025-10-25T13:37:43,4
16,3,10.0,1,100000,2,0,0.0004297035455324281,14,2025-10-25T13:37:43,0
16,3,10.0,1,100000,2,0,0.00021468176164466266,14,2025-10-25T13:37:43,2
16,3,10.0,1,100000,2,0,0.0004820559610166899,15,2025-10-25T13:37:43,5
16,3,10.0,1,100000,2,0,0.0003914136928192773,13,2025-10-25T13:37:43,9
16,3,10.0,1,100000,2,0,0.0005053761531474931,19,2025-10-25T13:37:43,10
16,3,10.0,1,100000,2,0,0.0003207711424000935,14,2025-10-25T13:37:43,6
16,3,10.0,1,100000,2,0,0.0010327985884954298,22,2025-10-25T13:37:43,3
16,3,10.0,1,100000,2,0,0.0005665971814191459,20,2025-10-25T13:37:43,7
16,3,10.0,1,100000,2,0,0.0004680711873016878,16,2025-10-25T13:37:43,1
16,3,10.0,1,100000,2,1,0.0007134615561684766,15,2025-10-25T13:37:44,10
16,3,10.0,1,100000,2,1,0.0003531171525729145,12,2025-10-25T13:37:44,5
16,3,10.0,1,100000,2,1,0.0004123191442195141,12,2025-10-25T13:37:44,9
16,3,10.0,1,100000,2,1,0.0002378566656684067,15,2025-10-25T13:37:44,4
16,3,10.0,1,100000,2,1,0.00043935689234069224,18,2025-10-25T13:37:44,0
16,3,10.0,1,100000,2,1,0.00026960160861411533,14,2025-10-25T13:37:45,3
16,3,10.0,1,100000,2,1,0.0005463801656005049,16,2025-10-25T13:37:45,2
16,3,10.0,1,100000,2,1,0.0006632388398844127,17,2025-10-25T13:37:45,6
16,3,10.0,1,100000,2,1,0.0006361311045560405,20,2025-10-25T13:37:45,8
16,3,10.0,1,100000,2,2,0.00015414372019059735,8,2025-10-25T13:37:45,9
16,3,10.0,1,100000,2,1,0.0006351025732824024,17,2025-10-25T13:37:45,1
16,3,10.0,1,100000,2,1,0.0007238212529323728,19,2025-10-25T13:37:45,7
16,3,10.0,1,100000,2,2,0.00032933518207443977,14,2025-10-25T13:37:45,4
16,3,10.0,1,100000,2,2,0.0006070801437115043,12,2025-10-25T13:37:45,10
16,3,10.0,1,100000,2,2,0.00043744789416021575,16,2025-10-25T13:37:46,3
16,3,10.0,1,100000,2,2,0.0005974790780736673,17,2025-10-25T13:37:46,5
16,3,10.0,1,100000,2,2,0.0005252427742884098,12,2025-10-25T13:37:46,2
16,3,10.0,1,100000,2,2,0.00026526427831046547,13,2025-10-25T13:37:46,6
16,3,10.0,1,100000,2,3,0.00035767384864814305,15,2025-10-25T13:37:46,9
16,3,10.0,1,100000,2,2,0.0004075953083149071,20,2025-10-25T13:37:46,0
16,3,10.0,1,100000,2,2,0.00044313845080721527,19,2025-10-25T13:37:46,8
16,3,10.0,1,100000,2,2,0.0006041087818867635,16,2025-10-25T13:37:46,1
16,3,10.0,1,100000,2,3,0.00045054524228564847,12,2025-10-25T13:37:46,4
16,3,10.0,1,100000,2,3,0.000385067904051587,10,2025-10-25T13:37:46,10
16,3,10.0,1,100000,2,2,0.0009362639701687742,24,2025-10-25T13:37:47,7
16,3,10.0,1,100000,2,3,0.00032262250881123143,13,2025-10-25T13:37:47,6
16,3,10.0,1,100000,2,3,0.000523375833768831,13,2025-10-25T13:37:47,3
16,3,10.0,1,100000,2,4,0.0002663516528807285,10,2025-10-25T13:37:47,9
16,3,10.0,1,100000,2,3,0.0008298810418119152,17,2025-10-25T13:37:47,0
16,3,10.0,1,100000,2,3,0.000546954805833377,15,2025-10-25T13:37:47,5
16,3,10.0,1,100000,2,3,0.00016703366491328255,11,2025-10-25T13:37:47,8
16,3,10.0,1,100000,2,4,0.00022194524397798176,9,2025-10-25T13:37:47,4
16,3,10.0,1,100000,2,3,0.00043120661986796447,18,2025-10-25T13:37:47,2
16,3,10.0,1,100000,2,4,0.0002952532092573591,11,2025-10-25T13:37:48,0
16,3,10.0,1,100000,2,4,0.0007371467397328482,16,2025-10-25T13:37:48,10
16,3,10.0,1,100000,2,3,0.0007183685591367213,20,2025-10-25T13:37:48,1
16,3,10.0,1,100000,2,3,0.0006199270625220714,15,2025-10-25T13:37:48,7
16,3,10.0,1,100000,2,5,0.00036216270349085104,17,2025-10-25T13:37:49,9
16,3,10.0,1,100000,2,4,0.00042879647420210305,18,2025-10-25T13:37:49,6
16,3,10.0,1,100000,2,4,0.0005951795760232674,22,2025-10-25T13:37:49,3
16,3,10.0,1,100000,2,4,0.00035243001828197076,20,2025-10-25T13:37:49,5
16,3,10.0,1,100000,2,4,0.0003867026473259278,11,2025-10-25T13:37:49,1
16,3,10.0,1,100000,2,5,0.0005297902495588224,17,2025-10-25T13:37:49,4
16,3,10.0,1,100000,2,4,0.0003966348757658994,19,2025-10-25T13:37:49,8
16,3,10.0,1,100000,2,4,0.0009430532173157047,19,2025-10-25T13:37:49,2
16,3,10.0,1,100000,2,5,0.00033725045396643913,11,2025-10-25T13:37:49,10
16,3,10.0,1,100000,2,5,0.0009020939161241714,19,2025-10-25T13:37:49,0
16,3,10.0,1,100000,2,4,0.0002533571148311731,13,2025-10-25T13:37:49,7
16,3,10.0,1,100000,2,6,0.0005141684839405075,17,2025-10-25T13:37:50,9
16,3,10.0,1,100000,2,5,0.0004080087289491055,17,2025-10-25T13:37:50,3
16,3,10.0,1,100000,2,5,0.0003390853974292453,11,2025-10-25T13:37:50,8
16,3,10.0,1,100000,2,6,0.0005343492203371863,14,2025-10-25T13:37:50,4
16,3,10.0,1,100000,2,5,0.000345176806982668,19,2025-10-25T13:37:50,6
16,3,10.0,1,100000,2,5,0.0005352848241017248,16,2025-10-25T13:37:50,1
16,3,10.0,1,100000,2,5,0.0003402724523394013,13,2025-10-25T13:37:50,2
16,3,10.0,1,100000,2,6,0.000328094454052179,12,2025-10-25T13:37:50,0
16,3,10.0,1,100000,2,5,0.00072668259926717,20,2025-10-25T13:37:51,5
16,3,10.0,1,100000,2,6,0.0003456409501375384,14,2025-10-25T13:37:51,10
16,3,10.0,1,100000,2,5,0.00041204108332247466,13,2025-10-25T13:37:51,7
16,3,10.0,1,100000,2,7,0.000443225259207126,10,2025-10-25T13:37:51,9
16,3,10.0,1,100000,2,6,0.0005054441364536744,14,2025-10-25T13:37:52,8
16,3,10.0,1,100000,2,6,0.0005743987669290035,13,2025-10-25T13:37:52,3
16,3,10.0,1,100000,2,6,0.0004797366931155141,14,2025-10-25T13:37:52,6
16,3,10.0,1,100000,2,6,0.00023980862358262447,13,2025-10-25T13:37:52,2
16,3,10.0,1,100000,2,6,0.0005968596335066282,16,2025-10-25T13:37:52,1
16,3,10.0,1,100000,2,7,0.0006939328741853647,18,2025-10-25T13:37:52,4
16,3,10.0,1,100000,2,7,0.0007352548106840154,14,2025-10-25T13:37:52,0
16,3,10.0,1,100000,2,6,0.00042136008194772456,17,2025-10-25T13:37:52,5
16,3,10.0,1,100000,2,7,0.00043381401385243166,17,2025-10-25T13:37:52,10
16,3,10.0,1,100000,2,6,0.0003975649364779058,16,2025-10-25T13:37:52,7
16,3,10.0,1,100000,2,8,0.0007471758873722628,16,2025-10-25T13:37:53,9
16,3,10.0,1,100000,2,7,0.00033916781025056963,14,2025-10-25T13:37:53,8
16,3,10.0,1,100000,2,7,0.0004258010162794887,12,2025-10-25T13:37:53,3
16,3,10.0,1,100000,2,7,0.0001729731158119135,13,2025-10-25T13:37:53,6
16,3,10.0,1,100000,2,7,0.0003919561041689138,13,2025-10-25T13:37:53,5
16,3,10.0,1,100000,2,7,0.0003503473636745246,16,2025-10-25T13:37:53,1
16,3,10.0,1,100000,2,7,0.0006212580394479944,23,2025-10-25T13:37:53,2
16,3,10.0,1,100000,2,8,0.000686359145268666,18,2025-10-25T13:37:53,4
16,3,10.0,1,100000,2,7,0.0004633902538390129,11,2025-10-25T13:37:53,7
16,3,10.0,1,100000,2,8,0.0003777584180119068,14,2025-10-25T13:37:53,10
16,3,10.0,1,100000,2,8,0.0006812238959378269,17,2025-10-25T13:37:53,0
16,3,10.0,1,100000,2,9,0.0006486990275723572,16,2025-10-25T13:37:54,9
16,3,10.0,1,100000,2,8,0.00026820573943762884,10,2025-10-25T13:37:54,3
16,3,10.0,1,100000,2,8,0.0005016154903794658,15,2025-10-25T13:37:54,8
16,3,10.0,1,100000,2,8,0.0005064882827286999,19,2025-10-25T13:37:55,1
16,3,10.0,1,100000,2,8,0.0006839270307346624,22,2025-10-25T13:37:55,5
16,3,10.0,1,100000,2,8,0.0008277531449206295,22,2025-10-25T13:37:55,6
16,3,10.0,1,100000,2,9,0.00033685051290536263,13,2025-10-25T13:37:55,10
16,3,10.0,1,100000,2,9,0.0005157133227932994,17,2025-10-25T13:37:55,4
16,3,10.0,1,100000,2,8,0.0006823169590027312,19,2025-10-25T13:37:55,2
16,3,10.0,1,100000,2,8,0.0005326010400660298,22,2025-10-25T13:37:55,7
16,3,10.0,1,100000,2,9,0.0006771057379337007,26,2025-10-25T13:37:55,0
16,3,10.0,1,100000,2,9,0.0003275580162066638,15,2025-10-25T13:37:56,8
16,3,10.0,1,100000,2,9,0.0004180695982968405,18,2025-10-25T13:37:56,3
16,3,10.0,1,100000,2,9,0.0005483953646412339,14,2025-10-25T13:37:56,5
16,3,10.0,1,100000,2,9,0.00036159065639438477,17,2025-10-25T13:37:56,1
16,3,10.0,1,100000,2,9,0.0005163336561458437,18,2025-10-25T13:37:56,6
16,3,10.0,1,100000,2,9,0.0005590748871020925,19,2025-10-25T13:37:56,2
16,3,10.0,1,100000,2,9,0.0003320883831184643,16,2025-10-25T13:37:56,7
18,3,10.0,1,100000,2,0,0.0003435503634145922,12,2025-10-25T13:38:11,3
18,3,10.0,1,100000,2,0,0.0005352779163099701,15,2025-10-25T13:38:11,7
18,3,10.0,1,100000,2,0,0.0007573170003296515,17,2025-10-25T13:38:11,4
18,3,10.0,1,100000,2,0,0.0004987748750725658,19,2025-10-25T13:38:11,10
18,3,10.0,1,100000,2,0,0.0008600611423913774,21,2025-10-25T13:38:11,0
18,3,10.0,1,100000,2,0,0.00045652717736574197,14,2025-10-25T13:38:11,2
18,3,10.0,1,100000,2,0,0.0006369129107418957,20,2025-10-25T13:38:11,8
18,3,10.0,1,100000,2,0,0.0006750038977653386,19,2025-10-25T13:38:12,6
18,3,10.0,1,100000,2,0,0.0008335227868803993,22,2025-10-25T13:38:12,1
18,3,10.0,1,100000,2,0,0.0015577209401113998,29,2025-10-25T13:38:12,5
18,3,10.0,1,100000,2,0,0.0013159749193914373,28,2025-10-25T13:38:12,9
18,3,10.0,1,100000,2,1,0.0007859095038483327,17,2025-10-25T13:38:14,7
18,3,10.0,1,100000,2,1,0.00045670536846996527,14,2025-10-25T13:38:24,4
18,3,10.0,1,100000,2,1,0.0004844513747578126,17,2025-10-25T13:38:25,0
18,3,10.0,1,100000,2,1,0.0009751069440450465,19,2025-10-25T13:38:25,10
18,3,10.0,1,100000,2,1,0.0003816655447531711,18,2025-10-25T13:38:26,8
18,3,10.0,1,100000,2,1,0.000580154551033417,15,2025-10-25T13:38:26,5
18,3,10.0,1,100000,2,1,0.00045770397636925607,15,2025-10-25T13:38:26,6
18,3,10.0,1,100000,2,1,0.0015227574630793928,23,2025-10-25T13:38:26,3
18,3,10.0,1,100000,2,1,0.0005902607525683683,20,2025-10-25T13:38:26,2
18,3,10.0,1,100000,2,1,0.0010372808585964615,17,2025-10-25T13:38:26,1
18,3,10.0,1,100000,2,1,0.0009785730766924297,18,2025-10-25T13:38:27,9
18,3,10.0,1,100000,2,2,0.0007058783720005942,19,2025-10-25T13:38:29,7
18,3,10.0,1,100000,2,2,0.0013389263420121149,22,2025-10-25T13:38:39,4
18,3,10.0,1,100000,2,2,0.0003037154041596003,16,2025-10-25T13:38:39,8
18,3,10.0,1,100000,2,2,0.0008487546946529174,19,2025-10-25T13:38:40,0
18,3,10.0,1,100000,2,2,0.000719872340617026,14,2025-10-25T13:38:40,6
18,3,10.0,1,100000,2,2,0.0014692686085858847,14,2025-10-25T13:38:40,3
18,3,10.0,1,100000,2,2,0.0004078995148381002,16,2025-10-25T13:38:41,1
18,3,10.0,1,100000,2,2,0.0007811561364740539,14,2025-10-25T13:38:41,2
18,3,10.0,1,100000,2,2,0.001326722038758248,26,2025-10-25T13:38:41,10
18,3,10.0,1,100000,2,2,0.000603485234034396,19,2025-10-25T13:38:41,5
18,3,10.0,1,100000,2,2,0.0006078154572609885,15,2025-10-25T13:38:41,9
18,3,10.0,1,100000,2,3,0.0010532169939128496,15,2025-10-25T13:38:42,7
18,3,10.0,1,100000,2,3,0.0004580809372383863,16,2025-10-25T13:38:55,2
18,3,10.0,1,100000,2,3,0.0005485608505257372,17,2025-10-25T13:38:55,0
18,3,10.0,1,100000,2,3,0.0004919462845877295,13,2025-10-25T13:38:55,9
18,3,10.0,1,100000,2,3,0.0013340375004648017,23,2025-10-25T13:38:55,4
18,3,10.0,1,100000,2,3,0.0008544460394770336,14,2025-10-25T13:38:55,1
18,3,10.0,1,100000,2,3,0.0013715706125516588,25,2025-10-25T13:38:55,8
18,3,10.0,1,100000,2,3,0.0006861276549614934,16,2025-10-25T13:38:55,10
18,3,10.0,1,100000,2,3,0.0007644734500748692,15,2025-10-25T13:38:55,3
18,3,10.0,1,100000,2,3,0.0004713258186452711,15,2025-10-25T13:38:55,5
18,3,10.0,1,100000,2,4,0.0007337131440456212,17,2025-10-25T13:38:56,7
18,3,10.0,1,100000,2,3,0.0011549348126633128,22,2025-10-25T13:38:56,6
18,3,10.0,1,100000,2,4,0.000266565795412851,10,2025-10-25T13:38:56,2
18,3,10.0,1,100000,2,4,0.0002918133778610562,12,2025-10-25T13:39:08,1
18,3,10.0,1,100000,2,4,0.0006425246566661046,15,2025-10-25T13:39:09,3
18,3,10.0,1,100000,2,4,0.0008358489648185713,18,2025-10-25T13:39:09,0
18,3,10.0,1,100000,2,4,0.0011742485227594693,20,2025-10-25T13:39:09,4
18,3,10.0,1,100000,2,4,0.0007677537299515446,14,2025-10-25T13:39:10,5
18,3,10.0,1,100000,2,4,0.0011542157564542995,20,2025-10-25T13:39:10,6
18,3,10.0,1,100000,2,4,0.0009194563887619094,19,2025-10-25T13:39:10,9
18,3,10.0,1,100000,2,5,0.0008081014227693252,17,2025-10-25T13:39:10,7
18,3,10.0,1,100000,2,5,0.0007796013233528717,15,2025-10-25T13:39:10,2
18,3,10.0,1,100000,2,4,0.0011428473490105325,20,2025-10-25T13:39:10,8
18,3,10.0,1,100000,2,4,0.0009491553240540246,23,2025-10-25T13:39:10,10
18,3,10.0,1,100000,2,5,0.0005903862890769683,21,2025-10-25T13:39:22,1
18,3,10.0,1,100000,2,5,0.0005891235166874499,11,2025-10-25T13:39:23,5
18,3,10.0,1,100000,2,5,0.0008359852885692457,20,2025-10-25T13:39:23,0
18,3,10.0,1,100000,2,6,0.00041443956353448487,12,2025-10-25T13:39:23,7
18,3,10.0,1,100000,2,5,0.0004131378241585768,18,2025-10-25T13:39:23,9
18,3,10.0,1,100000,2,5,0.0009260121829780439,18,2025-10-25T13:39:24,4
18,3,10.0,1,100000,2,5,0.0011454917820420164,22,2025-10-25T13:39:24,3
18,3,10.0,1,100000,2,5,0.000505121000781588,20,2025-10-25T13:39:24,6
18,3,10.0,1,100000,2,6,0.000580292809940839,13,2025-10-25T13:39:24,2
18,3,10.0,1,100000,2,5,0.0009343631248642484,16,2025-10-25T13:39:24,10
18,3,10.0,1,100000,2,5,0.00034605830091703364,17,2025-10-25T13:39:24,8
18,3,10.0,1,100000,2,6,0.0005030146077593433,9,2025-10-25T13:39:27,10
18,3,10.0,1,100000,2,6,0.0011023904466517533,21,2025-10-25T13:39:37,0
18,3,10.0,1,100000,2,6,0.0004988405847733483,18,2025-10-25T13:39:37,9
18,3,10.0,1,100000,2,6,0.0013120503159240124,19,2025-10-25T13:39:37,1
18,3,10.0,1,100000,2,6,0.0005563328626570756,18,2025-10-25T13:39:37,3
18,3,10.0,1,100000,2,6,0.0003876439191614984,12,2025-10-25T13:39:37,8
18,3,10.0,1,100000,2,6,0.001195911208417112,30,2025-10-25T13:39:38,5
18,3,10.0,1,100000,2,7,0.0007224480821927707,15,2025-10-25T13:39:38,2
18,3,10.0,1,100000,2,6,0.0007453518935549942,19,2025-10-25T13:39:38,4
18,3,10.0,1,100000,2,6,0.0008184959100800403,20,2025-10-25T13:39:38,6
18,3,10.0,1,100000,2,7,0.001168005472697755,26,2025-10-25T13:39:38,7
18,3,10.0,1,100000,2,7,0.0001854968724372822,9,2025-10-25T13:39:41,6
18,3,10.0,1,100000,2,7,0.0010614065464532576,23,2025-10-25T13:39:41,10
18,3,10.0,1,100000,2,7,0.000648852126380641,20,2025-10-25T13:39:50,0
18,3,10.0,1,100000,2,7,0.0005377110511984436,14,2025-10-25T13:39:51,8
18,3,10.0,1,100000,2,7,0.0012371276500465574,19,2025-10-25T13:39:51,9
18,3,10.0,1,100000,2,7,0.0006314503333182801,19,2025-10-25T13:39:51,1
18,3,10.0,1,100000,2,7,0.0008055648269626598,16,2025-10-25T13:39:51,4
18,3,10.0,1,100000,2,7,0.0007467003102841032,20,2025-10-25T13:39:51,3
18,3,10.0,1,100000,2,7,0.000930619433326649,25,2025-10-25T13:39:52,5
18,3,10.0,1,100000,2,8,0.0007000773060279292,18,2025-10-25T13:39:52,2
18,3,10.0,1,100000,2,8,0.0008892467602814139,19,2025-10-25T13:39:52,7
18,3,10.0,1,100000,2,8,0.001165163219824996,20,2025-10-25T13:39:54,10
18,3,10.0,1,100000,2,8,0.0006364282990538127,18,2025-10-25T13:39:55,6
18,3,10.0,1,100000,2,8,0.0008561590238863332,12,2025-10-25T13:40:04,4
18,3,10.0,1,100000,2,8,0.0005310216244566061,16,2025-10-25T13:40:04,9
18,3,10.0,1,100000,2,8,0.0005086927861126975,19,2025-10-25T13:40:04,0
18,3,10.0,1,100000,2,8,0.0009027049704469535,22,2025-10-25T13:40:05,8
18,3,10.0,1,100000,2,8,0.0010525840143928618,20,2025-10-25T13:40:05,3
18,3,10.0,1,100000,2,8,0.0011230750615928823,21,2025-10-25T13:40:05,1
18,3,10.0,1,100000,2,9,0.0005124704690028223,15,2025-10-25T13:40:06,2
18,3,10.0,1,100000,2,9,0.0005443486797297424,12,2025-10-25T13:40:06,7
18,3,10.0,1,100000,2,8,0.0006437035496644494,22,2025-10-25T13:40:06,5
18,3,10.0,1,100000,2,9,0.0001983264384407625,9,2025-10-25T13:40:07,8
18,3,10.0,1,100000,2,9,0.0005244289783390977,17,2025-10-25T13:40:08,10
18,3,10.0,1,100000,2,9,0.0008771103888544869,17,2025-10-25T13:40:08,6
18,3,10.0,1,100000,2,9,0.000513252456372304,11,2025-10-25T13:40:11,4
18,3,10.0,1,100000,2,9,0.0005892340297033359,19,2025-10-25T13:40:12,9
18,3,10.0,1,100000,2,9,0.0009497055326610137,23,2025-10-25T13:40:12,0
18,3,10.0,1,100000,2,9,0.0007388410155389928,17,2025-10-25T13:40:12,1
18,3,10.0,1,100000,2,9,0.0005611345543655483,18,2025-10-25T13:40:12,3
18,3,10.0,1,100000,2,9,0.0012207810032432498,24,2025-10-25T13:40:13,5
