n,k,t,l,r,p,rep,norm,active_count,timestamp,worker
6,5,10.0,1,100000,2,0,1.6455166492614453e-06,6,2025-10-25T11:11:42,2
6,5,10.0,1,100000,2,0,8.123976490388105e-07,6,2025-10-25T11:11:42,0
6,5,10.0,1,100000,2,0,3.1609577324794465e-07,6,2025-10-25T11:11:42,1
6,5,10.0,1,100000,2,0,6.897562064422571e-07,6,2025-10-25T11:11:42,3
6,5,10.0,1,100000,2,0,4.4508310061320096e-07,6,2025-10-25T11:11:42,5
6,5,10.0,1,100000,2,1,9.339625349848473e-07,6,2025-10-25T11:11:42,2
6,5,10.0,1,100000,2,0,1.342415607346023e-06,6,2025-10-25T11:11:42,4
6,5,10.0,1,100000,2,1,1.5067685873344626e-06,6,2025-10-25T11:11:42,1
6,5,10.0,1,100000,2,1,7.214678715293887e-07,6,2025-10-25T11:11:42,0
6,5,10.0,1,100000,2,0,1.300230891494968e-06,6,2025-10-25T11:11:42,6
6,5,10.0,1,100000,2,0,9.058041053645447e-07,6,2025-10-25T11:11:42,7
6,5,10.0,1,100000,2,1,7.445496296495007e-07,6,2025-10-25T11:11:42,3
6,5,10.0,1,100000,2,1,3.0137459007294635e-07,6,2025-10-25T11:11:42,5
6,5,10.0,1,100000,2,2,1.2531092337390238e-07,6,2025-10-25T11:11:42,2
6,5,10.0,1,100000,2,1,8.618730591667978e-07,6,2025-10-25T11:11:42,4
6,5,10.0,1,100000,2,2,1.1951267588788967e-06,6,2025-10-25T11:11:42,1
6,5,10.0,1,100000,2,1,9.649434176408902e-07,6,2025-10-25T11:11:42,6
6,5,10.0,1,100000,2,3,8.257709670207371e-07,6,2025-10-25T11:11:42,2
6,5,10.0,1,100000,2,2,2.4488468023455224e-06,6,2025-10-25T11:11:42,0
6,5,10.0,1,100000,2,2,5.880771061609492e-07,6,2025-10-25T11:11:42,3
6,5,10.0,1,100000,2,0,9.518567328582124e-07,6,2025-10-25T11:11:42,8
6,5,10.0,1,100000,2,0,1.485198017142172e-06,6,2025-10-25T11:11:42,9
6,5,10.0,1,100000,2,2,2.304244011589082e-06,6,2025-10-25T11:11:42,6
6,5,10.0,1,100000,2,0,8.44678773260911e-07,6,2025-10-25T11:11:42,10
6,5,10.0,1,100000,2,3,9.617385062594148e-07,6,2025-10-25T11:11:42,1
6,5,10.0,1,100000,2,1,2.9155743927453025e-06,6,2025-10-25T11:11:42,7
6,5,10.0,1,100000,2,4,1.2849554603953382e-06,6,2025-10-25T11:11:42,1
6,5,10.0,1,100000,2,1,1.2075062199250414e-06,6,2025-10-25T11:11:42,9
6,5,10.0,1,100000,2,2,1.3208949333030039e-06,6,2025-10-25T11:11:42,4
6,5,10.0,1,100000,2,2,5.711783542572559e-07,6,2025-10-25T11:11:42,5
6,5,10.0,1,100000,2,3,5.751105386665527e-07,6,2025-10-25T11:11:42,6
6,5,10.0,1,100000,2,1,3.2539754004758786e-07,6,2025-10-25T11:11:42,8
6,5,10.0,1,100000,2,4,1.7839676318055006e-06,6,2025-10-25T11:11:42,2
6,5,10.0,1,100000,2,2,1.124217277695843e-06,6,2025-10-25T11:11:42,9
6,5,10.0,1,100000,2,2,9.164218459608593e-07,6,2025-10-25T11:11:42,7
6,5,10.0,1,100000,2,5,2.2187775014653356e-06,6,2025-10-25T11:11:42,2
6,5,10.0,1,100000,2,1,8.13234999221087e-07,6,2025-10-25T11:11:42,10
6,5,10.0,1,100000,2,5,2.567026082237047e-07,6,2025-10-25T11:11:42,1
6,5,10.0,1,100000,2,3,5.128361674405322e-07,6,2025-10-25T11:11:42,0
6,5,10.0,1,100000,2,3,1.6384930910753587e-06,6,2025-10-25T11:11:42,3
6,5,10.0,1,100000,2,3,1.206801048373733e-06,6,2025-10-25T11:11:42,4
6,5,10.0,1,100000,2,4,1.697614290825844e-06,6,2025-10-25T11:11:42,6
6,5,10.0,1,100000,2,2,2.7535610866137053e-06,6,2025-10-25T11:11:42,8
6,5,10.0,1,100000,2,6,3.254237830925091e-06,6,2025-10-25T11:11:42,2
6,5,10.0,1,100000,2,3,7.829094744470174e-07,6,2025-10-25T11:11:42,7
6,5,10.0,1,100000,2,6,5.850979407070507e-07,6,2025-10-25T11:11:42,1
6,5,10.0,1,100000,2,3,7.51350953077227e-07,6,2025-10-25T11:11:42,9
6,5,10.0,1,100000,2,3,7.834000171956178e-07,6,2025-10-25T11:11:42,5
6,5,10.0,1,100000,2,5,1.5056635823782513e-06,6,2025-10-25T11:11:42,6
6,5,10.0,1,100000,2,4,1.0371933994368262e-06,6,2025-10-25T11:11:42,0
6,5,10.0,1,100000,2,2,9.226380394083567e-07,6,2025-10-25T11:11:42,10
6,5,10.0,1,100000,2,4,1.3470988224924776e-06,6,2025-10-25T11:11:42,4
6,5,10.0,1,100000,2,5,6.281025422128051e-07,6,2025-10-25T11:11:42,0
6,5,10.0,1,100000,2,4,1.4724658593478193e-06,6,2025-10-25T11:11:42,3
6,5,10.0,1,100000,2,3,1.1852284183428527e-06,6,2025-10-25T11:11:42,8
6,5,10.0,1,100000,2,7,1.3221881160293003e-06,6,2025-10-25T11:11:42,2
6,5,10.0,1,100000,2,7,4.77656611032179e-07,6,2025-10-25T11:11:42,1
6,5,10.0,1,100000,2,4,3.639384299615825e-07,6,2025-10-25T11:11:42,5
6,5,10.0,1,100000,2,5,1.1457353875308786e-06,6,2025-10-25T11:11:42,4
6,5,10.0,1,100000,2,4,1.0299198723901715e-06,6,2025-10-25T11:11:42,7
6,5,10.0,1,100000,2,3,1.67998477151878e-06,6,2025-10-25T11:11:42,10
6,5,10.0,1,100000,2,6,2.152703696767409e-06,6,2025-10-25T11:11:42,6
6,5,10.0,1,100000,2,6,9.916846833122e-07,6,2025-10-25T11:11:42,4
6,5,10.0,1,100000,2,4,1.2808077225753475e-06,6,2025-10-25T11:11:42,9
6,5,10.0,1,100000,2,4,1.691467207151605e-06,6,2025-10-25T11:11:42,8
6,5,10.0,1,100000,2,6,4.6468090880181977e-07,6,2025-10-25T11:11:42,0
6,5,10.0,1,100000,2,5,9.92040103998401e-07,6,2025-10-25T11:11:42,7
6,5,10.0,1,100000,2,5,1.3528681301013606e-06,6,2025-10-25T11:11:42,3
6,5,10.0,1,100000,2,5,5.860265227910327e-07,6,2025-10-25T11:11:42,5
6,5,10.0,1,100000,2,4,1.030623023215487e-06,6,2025-10-25T11:11:42,10
6,5,10.0,1,100000,2,7,1.0323198029344496e-06,6,2025-10-25T11:11:42,4
6,5,10.0,1,100000,2,6,2.1930189271642877e-06,6,2025-10-25T11:11:42,7
6,5,10.0,1,100000,2,8,1.4098737690671713e-06,6,2025-10-25T11:11:42,1
6,5,10.0,1,100000,2,7,2.8751136547743033e-06,6,2025-10-25T11:11:42,0
6,5,10.0,1,100000,2,8,5.903578878361343e-07,6,2025-10-25T11:11:42,0
6,5,10.0,1,100000,2,7,1.2323392288209403e-06,6,2025-10-25T11:11:42,6
6,5,10.0,1,100000,2,8,1.533064250774378e-06,6,2025-10-25T11:11:42,2
6,5,10.0,1,100000,2,6,1.3293134005678022e-06,6,2025-10-25T11:11:42,3
6,5,10.0,1,100000,2,5,1.0830319842009353e-06,6,2025-10-25T11:11:42,8
6,5,10.0,1,100000,2,5,4.635752875367388e-07,6,2025-10-25T11:11:42,9
6,5,10.0,1,100000,2,5,9.922264679203053e-07,6,2025-10-25T11:11:42,10
6,5,10.0,1,100000,2,6,8.461734845850934e-07,6,2025-10-25T11:11:42,5
6,5,10.0,1,100000,2,9,1.3021396549323267e-07,6,2025-10-25T11:11:42,0
6,5,10.0,1,100000,2,6,1.2955958937798577e-06,6,2025-10-25T11:11:42,9
6,5,10.0,1,100000,2,8,8.422619529647978e-07,6,2025-10-25T11:11:42,4
6,5,10.0,1,100000,2,7,1.522176118427743e-06,6,2025-10-25T11:11:42,7
6,5,10.0,1,100000,2,8,6.433802517305295e-07,6,2025-10-25T11:11:42,7
6,5,10.0,1,100000,2,7,4.6863319329097193e-07,6,2025-10-25T11:11:42,3
6,5,10.0,1,100000,2,9,1.191344740360956e-06,6,2025-10-25T11:11:42,2
6,5,10.0,1,100000,2,6,4.928815649332248e-07,6,2025-10-25T11:11:42,8
6,5,10.0,1,100000,2,9,1.0675249928982185e-06,6,2025-10-25T11:11:42,1
6,5,10.0,1,100000,2,8,1.0111624346363958e-06,6,2025-10-25T11:11:42,3
6,5,10.0,1,100000,2,6,4.784885682329079e-07,6,2025-10-25T11:11:42,10
6,5,10.0,1,100000,2,7,1.6924897701006479e-06,6,2025-10-25T11:11:42,9
6,5,10.0,1,100000,2,9,9.579321273336293e-07,6,2025-10-25T11:11:42,3
6,5,10.0,1,100000,2,9,1.0125323484987767e-06,6,2025-10-25T11:11:42,4
6,5,10.0,1,100000,2,8,1.2596307941899343e-06,6,2025-10-25T11:11:42,6
6,5,10.0,1,100000,2,7,1.1957903901222367e-06,6,2025-10-25T11:11:42,8
6,5,10.0,1,100000,2,7,6.957656048735738e-07,6,2025-10-25T11:11:42,10
6,5,10.0,1,100000,2,7,2.4393718220628116e-07,6,2025-10-25T11:11:42,5
6,5,10.0,1,100000,2,8,1.7752196182048244e-06,6,2025-10-25T11:11:42,5
6,5,10.0,1,100000,2,9,9.947268297232522e-07,6,2025-10-25T11:11:42,5
6,5,10.0,1,100000,2,8,7.622484940082839e-07,6,2025-10-25T11:11:42,9
6,5,10.0,1,100000,2,9,5.482532236661794e-07,6,2025-10-25T11:11:42,7
6,5,10.0,1,100000,2,9,3.2477833559190114e-07,6,2025-10-25T11:11:42,6
6,5,10.0,1,100000,2,8,4.814605468135808e-07,6,2025-10-25T11:11:42,10
6,5,10.0,1,100000,2,9,7.920022192463772e-07,6,2025-10-25T11:11:42,9
6,5,10.0,1,100000,2,8,1.6937483529258077e-06,6,2025-10-25T11:11:42,8
6,5,10.0,1,100000,2,9,1.5323888894585042e-06,6,2025-10-25T11:11:42,10
6,5,10.0,1,100000,2,9,9.887905212520888e-07,6,2025-10-25T11:11:42,8
8,5,10.0,1,100000,2,0,1.8639617808596534e-06,4,2025-10-25T11:11:42,4
8,5,10.0,1,100000,2,0,2.9802341731317073e-06,6,2025-10-25T11:11:42,2
8,5,10.0,1,100000,2,0,1.303152025010216e-06,5,2025-10-25T11:11:42,7
8,5,10.0,1,100000,2,0,3.6745769199890335e-06,8,2025-10-25T11:11:42,5
8,5,10.0,1,100000,2,0,6.673031915284289e-07,7,2025-10-25T11:11:42,0
8,5,10.0,1,100000,2,0,1.5502532913868515e-06,9,2025-10-25T11:11:42,9
8,5,10.0,1,100000,2,0,4.502267296085273e-06,8,2025-10-25T11:11:42,10
8,5,10.0,1,100000,2,0,1.3774819600240578e-06,10,2025-10-25T11:11:42,8
8,5,10.0,1,100000,2,0,4.3676608227142335e-06,8,2025-10-25T11:11:42,1
8,5,10.0,1,100000,2,0,3.541899746525523e-06,8,2025-10-25T11:11:42,3
8,5,10.0,1,100000,2,0,3.2427044903336483e-06,10,2025-10-25T11:11:42,6
8,5,10.0,1,100000,2,1,2.453957167532962e-06,8,2025-10-25T11:11:42,4
8,5,10.0,1,100000,2,1,3.662260404188467e-06,6,2025-10-25T11:11:42,5
8,5,10.0,1,100000,2,1,2.4681967881440275e-06,10,2025-10-25T11:11:42,10
8,5,10.0,1,100000,2,1,2.0537125638672057e-06,5,2025-10-25T11:11:42,2
8,5,10.0,1,100000,2,1,3.7702197627067726e-06,10,2025-10-25T11:11:42,8
8,5,10.0,1,100000,2,1,1.2538794152433758e-06,11,2025-10-25T11:11:42,7
8,5,10.0,1,100000,2,1,1.2890923447590023e-06,6,2025-10-25T11:11:42,3
8,5,10.0,1,100000,2,1,2.4262287271968563e-06,10,2025-10-25T11:11:42,0
8,5,10.0,1,100000,2,1,8.243971809919216e-07,6,2025-10-25T11:11:42,1
8,5,10.0,1,100000,2,1,2.7699763353864202e-06,6,2025-10-25T11:11:42,9
8,5,10.0,1,100000,2,1,3.101667792933715e-06,10,2025-10-25T11:11:42,6
8,5,10.0,1,100000,2,2,5.283547699094366e-06,8,2025-10-25T11:11:42,4
8,5,10.0,1,100000,2,2,2.0610852065346086e-06,7,2025-10-25T11:11:42,5
8,5,10.0,1,100000,2,2,3.2086011382375497e-06,8,2025-10-25T11:11:42,2
8,5,10.0,1,100000,2,2,1.8451638513726405e-06,7,2025-10-25T11:11:42,3
8,5,10.0,1,100000,2,2,1.6066885279847035e-06,7,2025-10-25T11:11:42,10
8,5,10.0,1,100000,2,2,1.6616756426016001e-06,6,2025-10-25T11:11:42,8
8,5,10.0,1,100000,2,2,1.1517373492433971e-07,6,2025-10-25T11:11:42,9
8,5,10.0,1,100000,2,2,8.75625250145654e-07,5,2025-10-25T11:11:42,0
8,5,10.0,1,100000,2,2,1.082298381528175e-06,3,2025-10-25T11:11:42,6
8,5,10.0,1,100000,2,2,2.5716956830060876e-06,8,2025-10-25T11:11:42,1
8,5,10.0,1,100000,2,3,3.208792626324992e-11,1,2025-10-25T11:11:42,8
8,5,10.0,1,100000,2,3,2.8887785400731157e-06,7,2025-10-25T11:11:42,4
8,5,10.0,1,100000,2,3,3.6533658468990162e-06,8,2025-10-25T11:11:42,5
8,5,10.0,1,100000,2,3,4.553396126189974e-06,8,2025-10-25T11:11:42,3
8,5,10.0,1,100000,2,3,4.773072381606586e-06,12,2025-10-25T11:11:42,2
8,5,10.0,1,100000,2,3,4.283394554273129e-06,4,2025-10-25T11:11:42,6
8,5,10.0,1,100000,2,3,1.855199126572251e-06,5,2025-10-25T11:11:42,1
8,5,10.0,1,100000,2,2,3.8056141254263976e-06,14,2025-10-25T11:11:42,7
8,5,10.0,1,100000,2,3,3.3759267477406336e-06,6,2025-10-25T11:11:42,10
8,5,10.0,1,100000,2,4,1.22377573902613e-06,5,2025-10-25T11:11:42,5
8,5,10.0,1,100000,2,3,2.887107742012778e-06,11,2025-10-25T11:11:42,0
8,5,10.0,1,100000,2,3,5.984840769906283e-06,11,2025-10-25T11:11:42,9
8,5,10.0,1,100000,2,4,1.6724537919347003e-06,8,2025-10-25T11:11:42,6
8,5,10.0,1,100000,2,3,2.2139042570222187e-06,7,2025-10-25T11:11:42,7
8,5,10.0,1,100000,2,4,2.2363463477484965e-06,3,2025-10-25T11:11:42,10
8,5,10.0,1,100000,2,4,4.728946643635393e-06,11,2025-10-25T11:11:42,4
8,5,10.0,1,100000,2,4,2.4080024619855004e-06,7,2025-10-25T11:11:42,3
8,5,10.0,1,100000,2,4,2.937148667307512e-06,8,2025-10-25T11:11:42,9
8,5,10.0,1,100000,2,4,7.438332494314932e-06,9,2025-10-25T11:11:42,2
8,5,10.0,1,100000,2,4,6.73004942079011e-06,13,2025-10-25T11:11:42,8
8,5,10.0,1,100000,2,4,3.325614403249182e-06,8,2025-10-25T11:11:42,0
8,5,10.0,1,100000,2,4,6.149341885269403e-06,12,2025-10-25T11:11:42,1
8,5,10.0,1,100000,2,5,5.806751699694976e-06,9,2025-10-25T11:11:42,5
8,5,10.0,1,100000,2,5,1.117914325711739e-06,6,2025-10-25T11:11:42,10
8,5,10.0,1,100000,2,5,4.652536775239042e-07,7,2025-10-25T11:11:42,6
8,5,10.0,1,100000,2,5,4.6291164379080344e-07,4,2025-10-25T11:11:42,4
8,5,10.0,1,100000,2,5,4.722080624925219e-06,6,2025-10-25T11:11:42,9
8,5,10.0,1,100000,2,4,1.9642778531037704e-06,8,2025-10-25T11:11:42,7
8,5,10.0,1,100000,2,5,2.760218116900555e-06,7,2025-10-25T11:11:42,2
8,5,10.0,1,100000,2,5,5.836432266044578e-06,6,2025-10-25T11:11:42,0
8,5,10.0,1,100000,2,6,1.143972161127123e-06,8,2025-10-25T11:11:42,4
8,5,10.0,1,100000,2,6,2.7235734346056875e-06,10,2025-10-25T11:11:42,5
8,5,10.0,1,100000,2,6,1.3181835759047834e-06,8,2025-10-25T11:11:42,6
8,5,10.0,1,100000,2,5,2.90061117818928e-06,11,2025-10-25T11:11:42,3
8,5,10.0,1,100000,2,6,4.263049124470023e-06,7,2025-10-25T11:11:42,2
8,5,10.0,1,100000,2,5,2.53955699016542e-06,9,2025-10-25T11:11:42,1
8,5,10.0,1,100000,2,6,5.992625685736456e-06,11,2025-10-25T11:11:42,10
8,5,10.0,1,100000,2,6,1.0043276078605657e-06,7,2025-10-25T11:11:42,9
8,5,10.0,1,100000,2,5,5.425110325730612e-06,8,2025-10-25T11:11:42,7
8,5,10.0,1,100000,2,5,6.3337202253383575e-06,10,2025-10-25T11:11:42,8
8,5,10.0,1,100000,2,7,4.388764396954374e-06,8,2025-10-25T11:11:42,4
8,5,10.0,1,100000,2,6,4.339944227019888e-06,10,2025-10-25T11:11:42,3
8,5,10.0,1,100000,2,7,4.804737379367263e-06,7,2025-10-25T11:11:42,5
8,5,10.0,1,100000,2,7,1.8842649315184818e-06,6,2025-10-25T11:11:42,2
8,5,10.0,1,100000,2,6,2.6692311209604875e-06,8,2025-10-25T11:11:42,0
8,5,10.0,1,100000,2,8,4.9502235798101325e-06,8,2025-10-25T11:11:42,2
8,5,10.0,1,100000,2,6,2.571958319268607e-06,5,2025-10-25T11:11:42,8
8,5,10.0,1,100000,2,7,3.9189276366493835e-06,10,2025-10-25T11:11:42,6
8,5,10.0,1,100000,2,6,3.7480770100755113e-06,8,2025-10-25T11:11:42,7
8,5,10.0,1,100000,2,6,4.358691391444191e-06,8,2025-10-25T11:11:42,1
8,5,10.0,1,100000,2,7,5.111493730569199e-06,10,2025-10-25T11:11:42,10
8,5,10.0,1,100000,2,7,1.0669065343432551e-06,7,2025-10-25T11:11:42,9
8,5,10.0,1,100000,2,7,2.805936201511363e-06,11,2025-10-25T11:11:42,3
8,5,10.0,1,100000,2,8,4.941815897073245e-06,8,2025-10-25T11:11:42,4
8,5,10.0,1,100000,2,8,3.567119339269571e-06,9,2025-10-25T11:11:42,5
8,5,10.0,1,100000,2,7,5.31494064162836e-06,5,2025-10-25T11:11:42,0
8,5,10.0,1,100000,2,7,1.1841981410970564e-06,4,2025-10-25T11:11:42,7
8,5,10.0,1,100000,2,8,3.733041293850938e-07,6,2025-10-25T11:11:42,9
8,5,10.0,1,100000,2,7,7.888946050569381e-07,7,2025-10-25T11:11:42,8
8,5,10.0,1,100000,2,7,3.0467785527226826e-07,5,2025-10-25T11:11:42,1
8,5,10.0,1,100000,2,9,2.068855721450014e-06,6,2025-10-25T11:11:42,4
8,5,10.0,1,100000,2,9,3.0188953126490046e-06,7,2025-10-25T11:11:42,2
8,5,10.0,1,100000,2,9,1.2213981835156192e-06,6,2025-10-25T11:11:42,9
8,5,10.0,1,100000,2,8,6.214217037883972e-06,9,2025-10-25T11:11:42,8
8,5,10.0,1,100000,2,8,4.161789943817561e-06,9,2025-10-25T11:11:42,0
8,5,10.0,1,100000,2,8,1.5685403864491046e-06,8,2025-10-25T11:11:42,1
8,5,10.0,1,100000,2,8,8.536190661856279e-06,16,2025-10-25T11:11:42,6
8,5,10.0,1,100000,2,9,4.069231720745861e-06,7,2025-10-25T11:11:42,0
8,5,10.0,1,100000,2,8,8.08360703438351e-06,10,2025-10-25T11:11:42,3
8,5,10.0,1,100000,2,9,4.328596977411753e-06,6,2025-10-25T11:11:42,1
8,5,10.0,1,100000,2,9,4.101432270950987e-06,9,2025-10-25T11:11:42,5
8,5,10.0,1,100000,2,8,3.0376987081019194e-06,13,2025-10-25T11:11:42,7
8,5,10.0,1,100000,2,8,7.636232351686708e-06,13,2025-10-25T11:11:42,10
8,5,10.0,1,100000,2,9,6.744548511776989e-06,10,2025-10-25T11:11:42,8
8,5,10.0,1,100000,2,9,1.7791095161530271e-06,8,2025-10-25T11:11:42,6
8,5,10.0,1,100000,2,9,5.634470010241345e-06,5,2025-10-25T11:11:42,10
8,5,10.0,1,100000,2,9,4.85053697481883e-06,10,2025-10-25T11:11:42,3
8,5,10.0,1,100000,2,9,3.629771730034636e-06,9,2025-10-25T11:11:42,7
10,5,10.0,1,100000,2,0,5.019702568556701e-06,10,2025-10-25T11:11:43,8
10,5,10.0,1,100000,2,0,1.2924591730612074e-05,12,2025-10-25T11:11:43,4
10,5,10.0,1,100000,2,0,6.1717741778167665e-06,8,2025-10-25T11:11:43,1
10,5,10.0,1,100000,2,0,7.607665782533264e-06,13,2025-10-25T11:11:43,3
10,5,10.0,1,100000,2,0,6.97822191412445e-06,12,2025-10-25T11:11:43,9
10,5,10.0,1,100000,2,0,2.9046782087586383e-06,9,2025-10-25T11:11:43,2
10,5,10.0,1,100000,2,0,6.2039417081154405e-06,12,2025-10-25T11:11:43,10
10,5,10.0,1,100000,2,0,7.45439580990964e-06,15,2025-10-25T11:11:43,5
10,5,10.0,1,100000,2,0,9.498225677444435e-06,17,2025-10-25T11:11:43,7
10,5,10.0,1,100000,2,0,8.883853781794964e-06,13,2025-10-25T11:11:43,6
10,5,10.0,1,100000,2,1,7.217268101498122e-06,10,2025-10-25T11:11:43,8
10,5,10.0,1,100000,2,0,1.647817348546124e-05,17,2025-10-25T11:11:43,0
10,5,10.0,1,100000,2,1,6.473257619221349e-06,8,2025-10-25T11:11:43,1
10,5,10.0,1,100000,2,1,8.304494843388214e-06,11,2025-10-25T11:11:43,4
10,5,10.0,1,100000,2,1,3.6105033622984784e-06,7,2025-10-25T11:11:43,10
10,5,10.0,1,100000,2,1,5.528176238884351e-06,11,2025-10-25T11:11:43,9
10,5,10.0,1,100000,2,1,1.0732381541785335e-05,13,2025-10-25T11:11:43,3
10,5,10.0,1,100000,2,1,6.74156313902593e-06,11,2025-10-25T11:11:43,2
10,5,10.0,1,100000,2,1,6.481781861241348e-06,9,2025-10-25T11:11:43,0
10,5,10.0,1,100000,2,1,5.3717034633329535e-06,8,2025-10-25T11:11:43,6
10,5,10.0,1,100000,2,1,9.07457149079939e-06,12,2025-10-25T11:11:43,7
10,5,10.0,1,100000,2,2,1.9793779147032908e-05,13,2025-10-25T11:11:43,8
10,5,10.0,1,100000,2,1,4.646532494120166e-06,15,2025-10-25T11:11:43,5
10,5,10.0,1,100000,2,2,5.1331446353556316e-11,3,2025-10-25T11:11:43,2
10,5,10.0,1,100000,2,2,1.2345578321193265e-05,9,2025-10-25T11:11:43,1
10,5,10.0,1,100000,2,2,5.189605830277547e-06,9,2025-10-25T11:11:43,9
10,5,10.0,1,100000,2,2,3.866015197681063e-06,12,2025-10-25T11:11:43,10
10,5,10.0,1,100000,2,2,9.378754232036597e-06,11,2025-10-25T11:11:43,4
10,5,10.0,1,100000,2,2,7.0364706932099886e-06,9,2025-10-25T11:11:43,3
10,5,10.0,1,100000,2,3,8.851377168279795e-06,6,2025-10-25T11:11:43,2
10,5,10.0,1,100000,2,2,7.53312404960517e-06,9,2025-10-25T11:11:43,0
10,5,10.0,1,100000,2,2,5.578567516543317e-06,8,2025-10-25T11:11:43,7
10,5,10.0,1,100000,2,2,9.123047076996729e-06,12,2025-10-25T11:11:43,6
10,5,10.0,1,100000,2,3,2.5925707941592156e-06,9,2025-10-25T11:11:43,8
10,5,10.0,1,100000,2,3,4.978732866408261e-06,9,2025-10-25T11:11:43,1
10,5,10.0,1,100000,2,3,7.40764101277159e-06,12,2025-10-25T11:11:43,9
10,5,10.0,1,100000,2,3,1.5686045481525767e-05,11,2025-10-25T11:11:43,10
10,5,10.0,1,100000,2,3,1.8106246978987306e-05,13,2025-10-25T11:11:43,4
10,5,10.0,1,100000,2,2,6.221741673089211e-06,14,2025-10-25T11:11:43,5
10,5,10.0,1,100000,2,3,1.0115307036509617e-05,9,2025-10-25T11:11:43,0
10,5,10.0,1,100000,2,4,3.8088619769232195e-06,5,2025-10-25T11:11:43,8
10,5,10.0,1,100000,2,4,1.935040774219681e-05,10,2025-10-25T11:11:43,2
10,5,10.0,1,100000,2,3,1.4787382136327088e-06,6,2025-10-25T11:11:43,5
10,5,10.0,1,100000,2,4,3.1901982943131916e-06,6,2025-10-25T11:11:43,9
10,5,10.0,1,100000,2,3,6.899745685350769e-06,9,2025-10-25T11:11:43,6
10,5,10.0,1,100000,2,3,6.860850002400257e-06,12,2025-10-25T11:11:43,7
10,5,10.0,1,100000,2,4,1.0081522734707176e-05,11,2025-10-25T11:11:43,4
10,5,10.0,1,100000,2,4,9.667835791409815e-06,12,2025-10-25T11:11:43,1
10,5,10.0,1,100000,2,4,5.777585035074992e-06,6,2025-10-25T11:11:43,0
10,5,10.0,1,100000,2,4,1.384896938133909e-05,15,2025-10-25T11:11:43,10
10,5,10.0,1,100000,2,3,1.5278768770018888e-05,19,2025-10-25T11:11:43,3
10,5,10.0,1,100000,2,5,8.180916917103731e-06,6,2025-10-25T11:11:43,0
10,5,10.0,1,100000,2,5,1.0395740602941376e-05,9,2025-10-25T11:11:43,10
10,5,10.0,1,100000,2,5,1.5100270396870247e-05,15,2025-10-25T11:11:43,8
10,5,10.0,1,100000,2,5,1.3111438038853476e-05,13,2025-10-25T11:11:43,2
10,5,10.0,1,100000,2,4,1.8557913545306153e-05,13,2025-10-25T11:11:43,5
10,5,10.0,1,100000,2,4,1.3414071702435809e-05,13,2025-10-25T11:11:43,7
10,5,10.0,1,100000,2,5,9.029170873950558e-06,11,2025-10-25T11:11:43,4
10,5,10.0,1,100000,2,5,1.6210227399575226e-05,14,2025-10-25T11:11:43,9
10,5,10.0,1,100000,2,4,7.626192629574193e-06,9,2025-10-25T11:11:43,3
10,5,10.0,1,100000,2,5,7.407311312209235e-06,11,2025-10-25T11:11:43,1
10,5,10.0,1,100000,2,4,1.0208435701259833e-05,14,2025-10-25T11:11:43,6
10,5,10.0,1,100000,2,6,7.151243028529729e-06,7,2025-10-25T11:11:43,10
10,5,10.0,1,100000,2,6,2.172869304462493e-06,6,2025-10-25T11:11:43,4
10,5,10.0,1,100000,2,6,1.0224728196105143e-05,8,2025-10-25T11:11:43,2
10,5,10.0,1,100000,2,5,4.806379706342725e-06,7,2025-10-25T11:11:43,7
10,5,10.0,1,100000,2,6,4.9052913374931854e-06,12,2025-10-25T11:11:43,0
10,5,10.0,1,100000,2,5,8.719558743379771e-06,14,2025-10-25T11:11:43,5
10,5,10.0,1,100000,2,6,5.063817748337846e-06,11,2025-10-25T11:11:43,8
10,5,10.0,1,100000,2,5,7.294293872178878e-06,11,2025-10-25T11:11:43,3
10,5,10.0,1,100000,2,6,7.600914958908271e-06,9,2025-10-25T11:11:43,1
10,5,10.0,1,100000,2,5,2.072016541236875e-06,6,2025-10-25T11:11:43,6
10,5,10.0,1,100000,2,7,4.3534942754737485e-06,9,2025-10-25T11:11:43,4
10,5,10.0,1,100000,2,6,1.0974799866331403e-05,16,2025-10-25T11:11:43,9
10,5,10.0,1,100000,2,7,3.7696752918806508e-06,9,2025-10-25T11:11:43,10
10,5,10.0,1,100000,2,6,5.636354941370669e-06,9,2025-10-25T11:11:43,7
10,5,10.0,1,100000,2,7,9.141881351243192e-06,11,2025-10-25T11:11:43,2
10,5,10.0,1,100000,2,6,5.988525417426705e-06,9,2025-10-25T11:11:43,5
10,5,10.0,1,100000,2,7,4.1014446452467605e-06,8,2025-10-25T11:11:43,1
10,5,10.0,1,100000,2,6,1.2612097963718027e-05,12,2025-10-25T11:11:43,6
10,5,10.0,1,100000,2,6,7.131022096943546e-06,6,2025-10-25T11:11:43,3
10,5,10.0,1,100000,2,7,1.3150604926250545e-05,15,2025-10-25T11:11:43,0
10,5,10.0,1,100000,2,8,3.2447527679183384e-06,9,2025-10-25T11:11:43,4
10,5,10.0,1,100000,2,7,2.633666674619109e-07,4,2025-10-25T11:11:43,5
10,5,10.0,1,100000,2,7,1.2890941576869947e-06,4,2025-10-25T11:11:43,3
10,5,10.0,1,100000,2,7,1.322422232772038e-05,17,2025-10-25T11:11:43,8
10,5,10.0,1,100000,2,7,1.0308354443462941e-05,12,2025-10-25T11:11:43,7
10,5,10.0,1,100000,2,8,6.510360604298451e-06,13,2025-10-25T11:11:43,10
10,5,10.0,1,100000,2,7,9.291821343384504e-06,13,2025-10-25T11:11:43,9
10,5,10.0,1,100000,2,9,6.927473418474197e-06,9,2025-10-25T11:11:43,4
10,5,10.0,1,100000,2,8,8.467497325849777e-06,10,2025-10-25T11:11:43,0
10,5,10.0,1,100000,2,7,1.998563344999947e-06,9,2025-10-25T11:11:43,6
10,5,10.0,1,100000,2,8,7.638431546805234e-06,12,2025-10-25T11:11:43,1
10,5,10.0,1,100000,2,8,8.062066179352761e-06,15,2025-10-25T11:11:43,2
10,5,10.0,1,100000,2,9,1.0480771972320181e-05,11,2025-10-25T11:11:43,10
10,5,10.0,1,100000,2,9,4.67771480279621e-06,6,2025-10-25T11:11:43,0
10,5,10.0,1,100000,2,8,1.5392026426436157e-06,8,2025-10-25T11:11:43,8
10,5,10.0,1,100000,2,8,3.609350110315857e-06,8,2025-10-25T11:11:43,3
10,5,10.0,1,100000,2,8,1.4295133616265882e-05,13,2025-10-25T11:11:43,5
10,5,10.0,1,100000,2,8,1.2708757712644272e-05,9,2025-10-25T11:11:43,9
10,5,10.0,1,100000,2,8,5.327926939835196e-06,14,2025-10-25T11:11:43,7
10,5,10.0,1,100000,2,9,3.97300674710528e-06,6,2025-10-25T11:11:43,8
10,5,10.0,1,100000,2,9,8.426089636855322e-06,13,2025-10-25T11:11:43,1
10,5,10.0,1,100000,2,9,3.0413494068183218e-06,9,2025-10-25T11:11:43,2
10,5,10.0,1,100000,2,9,1.0702444217875092e-05,11,2025-10-25T11:11:43,3
10,5,10.0,1,100000,2,9,1.355933296342942e-05,11,2025-10-25T11:11:43,5
10,5,10.0,1,100000,2,8,1.1004183770603596e-05,19,2025-10-25T11:11:43,6
10,5,10.0,1,100000,2,9,7.297142851930188e-06,8,2025-10-25T11:11:43,9
10,5,10.0,1,100000,2,9,5.335577689522599e-06,10,2025-10-25T11:11:43,7
10,5,10.0,1,100000,2,9,1.3266333069399987e-05,13,2025-10-25T11:11:43,6
12,5,10.0,1,100000,2,0,1.1719907707506235e-05,11,2025-10-25T11:11:43,7
12,5,10.0,1,100000,2,0,1.5060184158949246e-05,9,2025-10-25T11:11:43,2
12,5,10.0,1,100000,2,0,1.1724997365145062e-05,10,2025-10-25T11:11:43,6
12,5,10.0,1,100000,2,0,3.7349643953972324e-05,15,2025-10-25T11:11:43,9
12,5,10.0,1,100000,2,0,2.5109159516790825e-05,11,2025-10-25T11:11:43,10
12,5,10.0,1,100000,2,0,1.0144165741548222e-05,9,2025-10-25T11:11:43,0
12,5,10.0,1,100000,2,0,1.7960210886563343e-05,12,2025-10-25T11:11:44,1
12,5,10.0,1,100000,2,0,2.9056451031807837e-05,13,2025-10-25T11:11:44,5
12,5,10.0,1,100000,2,0,1.5294840001585545e-05,11,2025-10-25T11:11:44,8
12,5,10.0,1,100000,2,0,9.730043737388738e-06,10,2025-10-25T11:11:44,3
12,5,10.0,1,100000,2,1,9.932251036475537e-06,6,2025-10-25T11:11:44,2
12,5,10.0,1,100000,2,0,1.3094864913251198e-05,13,2025-10-25T11:11:44,4
12,5,10.0,1,100000,2,1,3.111683262397533e-06,7,2025-10-25T11:11:44,10
12,5,10.0,1,100000,2,1,1.4284790908048608e-05,10,2025-10-25T11:11:44,6
12,5,10.0,1,100000,2,1,2.063416310628712e-05,11,2025-10-25T11:11:44,9
12,5,10.0,1,100000,2,1,1.920529206480719e-05,11,2025-10-25T11:11:44,0
12,5,10.0,1,100000,2,1,1.5189013248430471e-05,18,2025-10-25T11:11:44,7
12,5,10.0,1,100000,2,1,2.267982708328157e-05,12,2025-10-25T11:11:44,1
12,5,10.0,1,100000,2,1,3.5611689364832648e-06,8,2025-10-25T11:11:44,4
12,5,10.0,1,100000,2,2,6.0346309062261695e-06,6,2025-10-25T11:11:44,6
12,5,10.0,1,100000,2,1,1.0881224258865743e-05,11,2025-10-25T11:11:44,8
12,5,10.0,1,100000,2,1,2.015888939218572e-05,14,2025-10-25T11:11:44,3
12,5,10.0,1,100000,2,2,2.7133099762232017e-05,7,2025-10-25T11:11:44,7
12,5,10.0,1,100000,2,2,1.3425516722486188e-05,10,2025-10-25T11:11:44,10
12,5,10.0,1,100000,2,2,1.9240341374154438e-05,18,2025-10-25T11:11:44,2
12,5,10.0,1,100000,2,2,1.2900108771930861e-05,11,2025-10-25T11:11:44,0
12,5,10.0,1,100000,2,1,2.7267611388863414e-05,19,2025-10-25T11:11:44,5
12,5,10.0,1,100000,2,2,1.4521637800067226e-05,11,2025-10-25T11:11:44,9
12,5,10.0,1,100000,2,2,6.7053498356145135e-06,8,2025-10-25T11:11:44,1
12,5,10.0,1,100000,2,3,1.407381160997002e-05,11,2025-10-25T11:11:44,6
12,5,10.0,1,100000,2,2,9.20763975147176e-06,12,2025-10-25T11:11:44,4
12,5,10.0,1,100000,2,2,2.2720223957939815e-05,13,2025-10-25T11:11:44,8
12,5,10.0,1,100000,2,3,1.3358978685253038e-05,10,2025-10-25T11:11:44,1
12,5,10.0,1,100000,2,3,1.779910184454105e-05,11,2025-10-25T11:11:44,10
12,5,10.0,1,100000,2,3,2.3233106487966546e-05,11,2025-10-25T11:11:44,2
12,5,10.0,1,100000,2,2,1.7225999432108676e-05,18,2025-10-25T11:11:44,3
12,5,10.0,1,100000,2,3,1.6983861175699463e-05,16,2025-10-25T11:11:44,7
12,5,10.0,1,100000,2,4,6.5839715199397285e-06,9,2025-10-25T11:11:44,6
12,5,10.0,1,100000,2,2,2.5881664711612428e-05,17,2025-10-25T11:11:44,5
12,5,10.0,1,100000,2,3,2.7492090042588213e-05,14,2025-10-25T11:11:44,9
12,5,10.0,1,100000,2,3,7.3544092592991645e-06,10,2025-10-25T11:11:44,4
12,5,10.0,1,100000,2,3,2.472149156828634e-05,17,2025-10-25T11:11:44,0
12,5,10.0,1,100000,2,4,1.720765317456477e-05,10,2025-10-25T11:11:44,1
12,5,10.0,1,100000,2,4,8.032334365751243e-06,10,2025-10-25T11:11:44,7
12,5,10.0,1,100000,2,3,1.9202978694869566e-05,14,2025-10-25T11:11:44,8
12,5,10.0,1,100000,2,3,1.854961350436585e-05,13,2025-10-25T11:11:44,3
12,5,10.0,1,100000,2,4,9.368533644877547e-06,9,2025-10-25T11:11:44,9
12,5,10.0,1,100000,2,5,2.6565696405506786e-05,13,2025-10-25T11:11:44,6
12,5,10.0,1,100000,2,3,2.5371279087499446e-06,12,2025-10-25T11:11:44,5
12,5,10.0,1,100000,2,4,2.0615885977365137e-05,16,2025-10-25T11:11:44,2
12,5,10.0,1,100000,2,4,1.4255871039893969e-05,16,2025-10-25T11:11:44,10
12,5,10.0,1,100000,2,5,1.233800419058133e-05,12,2025-10-25T11:11:44,1
12,5,10.0,1,100000,2,4,2.989288810028161e-05,15,2025-10-25T11:11:44,4
12,5,10.0,1,100000,2,4,1.9121032807201036e-05,10,2025-10-25T11:11:44,8
12,5,10.0,1,100000,2,5,2.7284610321541286e-05,12,2025-10-25T11:11:44,7
12,5,10.0,1,100000,2,4,3.4225888535373945e-05,18,2025-10-25T11:11:44,0
12,5,10.0,1,100000,2,5,2.9881597796858612e-05,13,2025-10-25T11:11:44,9
12,5,10.0,1,100000,2,6,9.989604312610089e-06,10,2025-10-25T11:11:44,6
12,5,10.0,1,100000,2,4,1.4868718559164302e-05,10,2025-10-25T11:11:44,3
12,5,10.0,1,100000,2,5,1.193986225293428e-05,14,2025-10-25T11:11:44,2
12,5,10.0,1,100000,2,5,1.2179843990413629e-05,14,2025-10-25T11:11:44,10
12,5,10.0,1,100000,2,5,8.413355971748705e-06,7,2025-10-25T11:11:44,0
12,5,10.0,1,100000,2,5,1.138360265804921e-05,11,2025-10-25T11:11:44,4
12,5,10.0,1,100000,2,6,9.905373393540763e-06,8,2025-10-25T11:11:44,9
12,5,10.0,1,100000,2,4,4.1025613131891064e-05,20,2025-10-25T11:11:44,5
12,5,10.0,1,100000,2,5,1.0671984175482885e-05,10,2025-10-25T11:11:44,8
12,5,10.0,1,100000,2,7,8.592159762067552e-06,10,2025-10-25T11:11:44,6
12,5,10.0,1,100000,2,6,1.4974213929294082e-05,15,2025-10-25T11:11:44,1
12,5,10.0,1,100000,2,6,2.933366942084071e-05,13,2025-10-25T11:11:44,7
12,5,10.0,1,100000,2,5,1.4602366446159492e-05,12,2025-10-25T11:11:44,3
12,5,10.0,1,100000,2,6,1.4378891776622547e-05,11,2025-10-25T11:11:44,2
12,5,10.0,1,100000,2,6,5.53737418507576e-06,7,2025-10-25T11:11:44,8
12,5,10.0,1,100000,2,8,1.0675192316967712e-05,7,2025-10-25T11:11:44,6
12,5,10.0,1,100000,2,6,2.340885439132167e-05,16,2025-10-25T11:11:44,10
12,5,10.0,1,100000,2,7,1.4467926668572494e-05,10,2025-10-25T11:11:44,1
12,5,10.0,1,100000,2,5,1.9150515519607425e-05,17,2025-10-25T11:11:44,5
12,5,10.0,1,100000,2,6,2.3194509975613305e-05,16,2025-10-25T11:11:44,4
12,5,10.0,1,100000,2,7,3.1790394375567634e-06,7,2025-10-25T11:11:44,10
12,5,10.0,1,100000,2,9,2.221835240639742e-05,6,2025-10-25T11:11:44,6
12,5,10.0,1,100000,2,7,4.541056706293591e-05,18,2025-10-25T11:11:44,9
12,5,10.0,1,100000,2,6,2.546337888030939e-05,17,2025-10-25T11:11:44,3
12,5,10.0,1,100000,2,7,1.4712643116733173e-05,10,2025-10-25T11:11:44,2
12,5,10.0,1,100000,2,6,4.092952125165931e-05,23,2025-10-25T11:11:44,0
12,5,10.0,1,100000,2,7,3.204641194080681e-05,20,2025-10-25T11:11:44,7
12,5,10.0,1,100000,2,7,1.6631975138753217e-05,13,2025-10-25T11:11:44,8
12,5,10.0,1,100000,2,7,7.358609526134079e-06,8,2025-10-25T11:11:44,4
12,5,10.0,1,100000,2,8,2.319172411771388e-05,14,2025-10-25T11:11:44,1
12,5,10.0,1,100000,2,8,2.1026248980656918e-05,11,2025-10-25T11:11:44,9
12,5,10.0,1,100000,2,6,1.9200503333961894e-05,16,2025-10-25T11:11:44,5
12,5,10.0,1,100000,2,8,7.0796525687836665e-06,10,2025-10-25T11:11:44,2
12,5,10.0,1,100000,2,7,1.6055269797839192e-05,15,2025-10-25T11:11:44,3
12,5,10.0,1,100000,2,8,4.1445075244714345e-06,13,2025-10-25T11:11:44,8
12,5,10.0,1,100000,2,8,1.6936145157937592e-05,17,2025-10-25T11:11:44,10
12,5,10.0,1,100000,2,7,1.5608921801109663e-05,14,2025-10-25T11:11:44,0
12,5,10.0,1,100000,2,8,1.7558497364080443e-05,16,2025-10-25T11:11:45,7
12,5,10.0,1,100000,2,8,2.625885269483213e-05,13,2025-10-25T11:11:45,4
12,5,10.0,1,100000,2,9,1.5245676002623996e-05,8,2025-10-25T11:11:45,10
12,5,10.0,1,100000,2,9,8.245976249916793e-06,8,2025-10-25T11:11:45,2
12,5,10.0,1,100000,2,9,1.71216065931168e-05,12,2025-10-25T11:11:45,1
12,5,10.0,1,100000,2,8,8.3084926738045e-06,13,2025-10-25T11:11:45,3
12,5,10.0,1,100000,2,9,2.5204242676322716e-05,14,2025-10-25T11:11:45,8
12,5,10.0,1,100000,2,9,1.2067110768669556e-05,12,2025-10-25T11:11:45,7
12,5,10.0,1,100000,2,7,2.7223070689015307e-05,18,2025-10-25T11:11:45,5
12,5,10.0,1,100000,2,8,2.3913940894508728e-05,15,2025-10-25T11:11:45,0
12,5,10.0,1,100000,2,9,3.939382041585837e-05,21,2025-10-25T11:11:45,9
12,5,10.0,1,100000,2,9,4.4396385122548394e-05,18,2025-10-25T11:11:45,4
12,5,10.0,1,100000,2,9,2.5132465794273485e-05,14,2025-10-25T11:11:45,3
12,5,10.0,1,100000,2,8,1.5115165567250443e-05,13,2025-10-25T11:11:45,5
12,5,10.0,1,100000,2,9,2.3508157904099792e-05,15,2025-10-25T11:11:45,0
12,5,10.0,1,100000,2,9,1.1255562608737245e-05,13,2025-10-25T11:11:45,5
14,5,10.0,1,100000,2,0,3.44394576655412e-05,12,2025-10-25T11:11:45,6
14,5,10.0,1,100000,2,0,1.5773501747631723e-05,13,2025-10-25T11:11:46,3
14,5,10.0,1,100000,2,0,5.012182327448286e-05,21,2025-10-25T11:11:46,8
14,5,10.0,1,100000,2,0,7.035281818869257e-05,11,2025-10-25T11:11:46,9
14,5,10.0,1,100000,2,0,2.6457151036761122e-05,12,2025-10-25T11:11:46,0
14,5,10.0,1,100000,2,0,2.0420131653380175e-05,12,2025-10-25T11:11:46,7
14,5,10.0,1,100000,2,0,2.7538947320696645e-05,16,2025-10-25T11:11:46,4
14,5,10.0,1,100000,2,0,3.7306046471377166e-05,11,2025-10-25T11:11:46,10
14,5,10.0,1,100000,2,0,5.0466784362814276e-05,16,2025-10-25T11:11:46,1
14,5,10.0,1,100000,2,0,4.470270188798834e-05,18,2025-10-25T11:11:46,5
14,5,10.0,1,100000,2,0,4.5704224747227476e-05,18,2025-10-25T11:11:46,2
14,5,10.0,1,100000,2,1,2.9045788821668267e-05,16,2025-10-25T11:11:46,6
14,5,10.0,1,100000,2,1,2.2541532651462532e-05,9,2025-10-25T11:11:46,8
14,5,10.0,1,100000,2,1,4.4658162098198035e-05,21,2025-10-25T11:11:46,3
14,5,10.0,1,100000,2,1,3.470689097621482e-05,10,2025-10-25T11:11:46,10
14,5,10.0,1,100000,2,1,2.889434579467586e-05,16,2025-10-25T11:11:46,0
14,5,10.0,1,100000,2,1,2.5361576198519748e-05,12,2025-10-25T11:11:46,1
14,5,10.0,1,100000,2,1,6.21000757691598e-05,20,2025-10-25T11:11:46,4
14,5,10.0,1,100000,2,2,2.3116329663350868e-05,12,2025-10-25T11:11:46,6
14,5,10.0,1,100000,2,1,7.179168440976296e-05,17,2025-10-25T11:11:46,2
14,5,10.0,1,100000,2,1,6.516398425522096e-05,22,2025-10-25T11:11:46,7
14,5,10.0,1,100000,2,1,4.671699194249229e-05,26,2025-10-25T11:11:46,9
14,5,10.0,1,100000,2,2,2.5297205385706823e-05,15,2025-10-25T11:11:46,8
14,5,10.0,1,100000,2,2,5.111572777589532e-05,14,2025-10-25T11:11:46,10
14,5,10.0,1,100000,2,1,5.5076591050029075e-05,23,2025-10-25T11:11:46,5
14,5,10.0,1,100000,2,2,1.522001985418023e-05,14,2025-10-25T11:11:46,3
14,5,10.0,1,100000,2,2,2.7513402612445738e-05,12,2025-10-25T11:11:46,1
14,5,10.0,1,100000,2,3,2.2465504842927654e-05,11,2025-10-25T11:11:46,6
14,5,10.0,1,100000,2,2,5.047152649911095e-06,13,2025-10-25T11:11:46,4
14,5,10.0,1,100000,2,2,2.3553376822313722e-05,11,2025-10-25T11:11:46,2
14,5,10.0,1,100000,2,2,2.709209302206866e-05,18,2025-10-25T11:11:46,0
14,5,10.0,1,100000,2,3,3.813053808869508e-05,12,2025-10-25T11:11:47,10
14,5,10.0,1,100000,2,2,2.4833230522454686e-05,14,2025-10-25T11:11:47,7
14,5,10.0,1,100000,2,2,5.4103162946078234e-05,17,2025-10-25T11:11:47,9
14,5,10.0,1,100000,2,2,3.3718180717244986e-05,12,2025-10-25T11:11:47,5
14,5,10.0,1,100000,2,3,4.624785428067543e-05,15,2025-10-25T11:11:47,8
14,5,10.0,1,100000,2,3,4.643351496790919e-05,13,2025-10-25T11:11:47,3
14,5,10.0,1,100000,2,4,3.189497856559167e-05,13,2025-10-25T11:11:47,6
14,5,10.0,1,100000,2,3,3.767411050646559e-05,11,2025-10-25T11:11:47,2
14,5,10.0,1,100000,2,3,2.8270270279477065e-05,15,2025-10-25T11:11:47,1
14,5,10.0,1,100000,2,3,4.2129853128816665e-05,15,2025-10-25T11:11:47,4
14,5,10.0,1,100000,2,4,2.586159100538529e-05,9,2025-10-25T11:11:47,3
14,5,10.0,1,100000,2,3,1.5695738939986787e-05,8,2025-10-25T11:11:47,5
14,5,10.0,1,100000,2,5,9.00414561196791e-06,7,2025-10-25T11:11:47,6
14,5,10.0,1,100000,2,4,4.1817113050810564e-05,15,2025-10-25T11:11:47,10
14,5,10.0,1,100000,2,3,3.9489820598539776e-05,18,2025-10-25T11:11:47,0
14,5,10.0,1,100000,2,3,3.539801278728442e-05,12,2025-10-25T11:11:47,9
14,5,10.0,1,100000,2,3,2.2941704432466043e-05,12,2025-10-25T11:11:47,7
14,5,10.0,1,100000,2,4,3.4941349476829755e-05,18,2025-10-25T11:11:47,8
14,5,10.0,1,100000,2,4,2.7109062585668087e-05,11,2025-10-25T11:11:47,1
14,5,10.0,1,100000,2,4,1.9301137440555844e-05,13,2025-10-25T11:11:47,4
14,5,10.0,1,100000,2,4,5.754689550462571e-05,16,2025-10-25T11:11:47,2
14,5,10.0,1,100000,2,6,3.755786604705961e-05,12,2025-10-25T11:11:47,6
14,5,10.0,1,100000,2,4,3.8234769671022425e-05,16,2025-10-25T11:11:47,9
14,5,10.0,1,100000,2,5,1.2932730555744435e-05,8,2025-10-25T11:11:47,8
14,5,10.0,1,100000,2,4,2.1776242218001183e-05,16,2025-10-25T11:11:47,5
14,5,10.0,1,100000,2,4,3.97718919940017e-05,16,2025-10-25T11:11:47,0
14,5,10.0,1,100000,2,5,3.862249334051985e-05,21,2025-10-25T11:11:47,3
14,5,10.0,1,100000,2,4,5.020629381230369e-05,15,2025-10-25T11:11:47,7
14,5,10.0,1,100000,2,5,8.947781214497685e-05,19,2025-10-25T11:11:47,10
14,5,10.0,1,100000,2,5,2.4460003376772775e-05,10,2025-10-25T11:11:47,4
14,5,10.0,1,100000,2,6,4.906455197825251e-05,8,2025-10-25T11:11:47,8
14,5,10.0,1,100000,2,5,3.944551733620594e-05,15,2025-10-25T11:11:47,2
14,5,10.0,1,100000,2,7,2.816556487984445e-05,9,2025-10-25T11:11:47,6
14,5,10.0,1,100000,2,5,3.860090353799642e-05,16,2025-10-25T11:11:47,1
14,5,10.0,1,100000,2,6,3.675452555993154e-05,13,2025-10-25T11:11:47,3
14,5,10.0,1,100000,2,5,4.037615918937938e-05,13,2025-10-25T11:11:48,9
14,5,10.0,1,100000,2,5,3.414831463233382e-05,14,2025-10-25T11:11:48,5
14,5,10.0,1,100000,2,5,1.600823303928162e-05,12,2025-10-25T11:11:48,0
14,5,10.0,1,100000,2,6,2.446578665432005e-05,10,2025-10-25T11:11:48,4
14,5,10.0,1,100000,2,5,1.3030712998524808e-05,14,2025-10-25T11:11:48,7
14,5,10.0,1,100000,2,6,2.1299494992928445e-05,11,2025-10-25T11:11:48,2
14,5,10.0,1,100000,2,8,2.1009423216046912e-05,12,2025-10-25T11:11:48,6
14,5,10.0,1,100000,2,6,1.847488225196809e-05,7,2025-10-25T11:11:48,0
14,5,10.0,1,100000,2,6,3.72029306635582e-05,19,2025-10-25T11:11:48,10
14,5,10.0,1,100000,2,7,4.911686865067581e-05,19,2025-10-25T11:11:48,8
14,5,10.0,1,100000,2,7,4.178779839057822e-05,11,2025-10-25T11:11:48,3
14,5,10.0,1,100000,2,6,4.21883163140347e-05,18,2025-10-25T11:11:48,1
14,5,10.0,1,100000,2,6,4.117849618524197e-05,13,2025-10-25T11:11:48,9
14,5,10.0,1,100000,2,6,4.5811333063461934e-05,16,2025-10-25T11:11:48,5
14,5,10.0,1,100000,2,7,3.0389862977384e-05,13,2025-10-25T11:11:48,2
14,5,10.0,1,100000,2,6,2.9247574212011167e-05,13,2025-10-25T11:11:48,7
14,5,10.0,1,100000,2,7,1.89887219986346e-05,15,2025-10-25T11:11:48,4
14,5,10.0,1,100000,2,7,2.769598451188546e-05,16,2025-10-25T11:11:48,0
14,5,10.0,1,100000,2,7,3.140768731782354e-05,15,2025-10-25T11:11:48,10
14,5,10.0,1,100000,2,8,2.6579402790204437e-05,13,2025-10-25T11:11:48,3
14,5,10.0,1,100000,2,8,3.761419894383728e-05,17,2025-10-25T11:11:48,8
14,5,10.0,1,100000,2,9,3.409747939038955e-05,21,2025-10-25T11:11:48,6
14,5,10.0,1,100000,2,7,2.320785275459939e-05,11,2025-10-25T11:11:48,9
14,5,10.0,1,100000,2,7,1.986593640626136e-05,14,2025-10-25T11:11:48,1
14,5,10.0,1,100000,2,8,4.120528860342173e-06,6,2025-10-25T11:11:48,0
14,5,10.0,1,100000,2,7,2.307851516044315e-05,10,2025-10-25T11:11:48,5
14,5,10.0,1,100000,2,8,2.99998012550472e-05,8,2025-10-25T11:11:48,4
14,5,10.0,1,100000,2,8,1.894752482660097e-05,10,2025-10-25T11:11:48,2
14,5,10.0,1,100000,2,7,1.89711098212472e-05,12,2025-10-25T11:11:48,7
14,5,10.0,1,100000,2,8,5.1505917628029066e-05,14,2025-10-25T11:11:48,10
14,5,10.0,1,100000,2,9,1.343119531084504e-05,11,2025-10-25T11:11:48,3
14,5,10.0,1,100000,2,8,2.8836077676986886e-05,11,2025-10-25T11:11:48,5
14,5,10.0,1,100000,2,9,2.817215028647456e-05,11,2025-10-25T11:11:48,8
14,5,10.0,1,100000,2,8,1.853400048937445e-05,16,2025-10-25T11:11:48,9
14,5,10.0,1,100000,2,9,7.034098735981303e-05,14,2025-10-25T11:11:48,0
14,5,10.0,1,100000,2,8,1.659380943148234e-05,15,2025-10-25T11:11:48,1
14,5,10.0,1,100000,2,9,2.407834803339211e-05,14,2025-10-25T11:11:49,4
14,5,10.0,1,100000,2,8,2.8428026626992582e-05,13,2025-10-25T11:11:49,7
14,5,10.0,1,100000,2,9,1.8292718420813017e-05,9,2025-10-25T11:11:49,9
14,5,10.0,1,100000,2,9,6.392031279827701e-05,24,2025-10-25T11:11:49,2
14,5,10.0,1,100000,2,9,4.215809776941057e-05,15,2025-10-25T11:11:49,10
14,5,10.0,1,100000,2,9,3.62427968329688e-05,13,2025-10-25T11:11:49,5
14,5,10.0,1,100000,2,9,2.1315474260987678e-05,12,2025-10-25T11:11:49,1
14,5,10.0,1,100000,2,9,6.007664231535361e-05,18,2025-10-25T11:11:49,7
16,5,10.0,1,100000,2,0,7.510076884284389e-05,18,2025-10-25T11:11:51,6
16,5,10.0,1,100000,2,0,4.458627190426934e-05,17,2025-10-25T11:11:52,1
16,5,10.0,1,100000,2,0,6.154013235482858e-05,14,2025-10-25T11:11:52,8
16,5,10.0,1,100000,2,0,6.853258460450558e-05,21,2025-10-25T11:11:52,5
16,5,10.0,1,100000,2,0,0.00011252890183256344,16,2025-10-25T11:11:52,7
16,5,10.0,1,100000,2,0,4.089137293510891e-05,12,2025-10-25T11:11:52,3
16,5,10.0,1,100000,2,0,6.278494764368711e-05,14,2025-10-25T11:11:52,4
16,5,10.0,1,100000,2,0,0.00011276558810568281,27,2025-10-25T11:11:52,2
16,5,10.0,1,100000,2,0,6.531812945767704e-05,18,2025-10-25T11:11:52,9
16,5,10.0,1,100000,2,0,0.00010539784928432446,23,2025-10-25T11:11:52,0
16,5,10.0,1,100000,2,0,8.82507535694529e-05,21,2025-10-25T11:11:52,10
16,5,10.0,1,100000,2,1,8.696103461053745e-05,21,2025-10-25T11:11:52,6
16,5,10.0,1,100000,2,1,5.515714006293115e-05,16,2025-10-25T11:11:53,1
16,5,10.0,1,100000,2,1,6.277595303604447e-06,11,2025-10-25T11:11:53,3
16,5,10.0,1,100000,2,1,5.9353647139973586e-05,16,2025-10-25T11:11:53,8
16,5,10.0,1,100000,2,1,3.4919488734639634e-05,11,2025-10-25T11:11:53,4
16,5,10.0,1,100000,2,1,7.588949857299625e-05,13,2025-10-25T11:11:53,7
16,5,10.0,1,100000,2,1,0.00014230759475173443,19,2025-10-25T11:11:53,5
16,5,10.0,1,100000,2,1,5.497335433243446e-05,13,2025-10-25T11:11:53,2
16,5,10.0,1,100000,2,1,4.933758309104517e-05,14,2025-10-25T11:11:53,9
16,5,10.0,1,100000,2,1,3.809624611261915e-05,13,2025-10-25T11:11:54,10
16,5,10.0,1,100000,2,1,8.38372573904746e-05,19,2025-10-25T11:11:54,0
16,5,10.0,1,100000,2,2,2.165911376737851e-05,18,2025-10-25T11:11:54,6
16,5,10.0,1,100000,2,2,5.6775653299938375e-05,11,2025-10-25T11:11:54,4
16,5,10.0,1,100000,2,2,2.8148569373830533e-05,15,2025-10-25T11:11:54,3
16,5,10.0,1,100000,2,2,4.885558622698199e-05,14,2025-10-25T11:11:54,8
16,5,10.0,1,100000,2,2,6.719872949439209e-05,18,2025-10-25T11:11:54,1
16,5,10.0,1,100000,2,2,7.462114846363298e-05,17,2025-10-25T11:11:55,5
16,5,10.0,1,100000,2,2,7.573829835881434e-05,15,2025-10-25T11:11:55,7
16,5,10.0,1,100000,2,3,2.950845488370531e-05,13,2025-10-25T11:11:55,6
16,5,10.0,1,100000,2,2,6.710049511935283e-05,17,2025-10-25T11:11:55,2
16,5,10.0,1,100000,2,2,4.516653618497109e-05,15,2025-10-25T11:11:55,10
16,5,10.0,1,100000,2,2,5.2556252249447095e-05,21,2025-10-25T11:11:55,9
16,5,10.0,1,100000,2,2,4.6638217743728745e-05,15,2025-10-25T11:11:55,0
16,5,10.0,1,100000,2,3,9.20141650994804e-05,17,2025-10-25T11:11:56,1
16,5,10.0,1,100000,2,3,3.065617119192553e-05,11,2025-10-25T11:11:56,5
16,5,10.0,1,100000,2,3,6.850373250351926e-05,15,2025-10-25T11:11:56,4
16,5,10.0,1,100000,2,3,7.311060350347946e-05,15,2025-10-25T11:11:56,8
16,5,10.0,1,100000,2,3,4.5304159656086195e-05,14,2025-10-25T11:11:56,7
16,5,10.0,1,100000,2,3,8.471234947051439e-05,22,2025-10-25T11:11:56,3
16,5,10.0,1,100000,2,4,6.169533717417736e-05,21,2025-10-25T11:11:56,6
16,5,10.0,1,100000,2,3,8.491746406182738e-05,26,2025-10-25T11:11:56,2
16,5,10.0,1,100000,2,3,3.835671510838708e-05,17,2025-10-25T11:11:57,10
16,5,10.0,1,100000,2,3,5.995384914061586e-05,21,2025-10-25T11:11:57,9
16,5,10.0,1,100000,2,3,9.49161992186607e-05,22,2025-10-25T11:11:57,0
16,5,10.0,1,100000,2,4,5.706202534320299e-05,19,2025-10-25T11:11:57,5
16,5,10.0,1,100000,2,4,8.805702965098407e-05,18,2025-10-25T11:11:57,1
16,5,10.0,1,100000,2,4,0.00012585112545678213,19,2025-10-25T11:11:57,4
16,5,10.0,1,100000,2,4,7.665096601588105e-05,21,2025-10-25T11:11:57,7
16,5,10.0,1,100000,2,5,5.370715404473578e-05,15,2025-10-25T11:11:58,6
16,5,10.0,1,100000,2,4,8.926009570250009e-05,23,2025-10-25T11:11:58,8
16,5,10.0,1,100000,2,4,5.754881216022689e-05,11,2025-10-25T11:11:58,10
16,5,10.0,1,100000,2,4,0.00012103676483958904,26,2025-10-25T11:11:58,3
16,5,10.0,1,100000,2,4,6.055224173086215e-05,14,2025-10-25T11:11:58,9
16,5,10.0,1,100000,2,4,0.00010467205623436184,19,2025-10-25T11:11:58,2
16,5,10.0,1,100000,2,4,6.589262975708059e-05,20,2025-10-25T11:11:58,0
16,5,10.0,1,100000,2,5,4.6136541731188595e-05,17,2025-10-25T11:11:59,4
16,5,10.0,1,100000,2,5,9.369400925405796e-05,19,2025-10-25T11:11:59,5
16,5,10.0,1,100000,2,5,6.079418925189705e-05,15,2025-10-25T11:11:59,7
16,5,10.0,1,100000,2,5,3.680710585952942e-05,12,2025-10-25T11:11:59,8
16,5,10.0,1,100000,2,6,3.9904986411700506e-05,18,2025-10-25T11:11:59,6
16,5,10.0,1,100000,2,5,0.00010309121963392087,25,2025-10-25T11:11:59,1
16,5,10.0,1,100000,2,5,0.00013189765622247132,19,2025-10-25T11:11:59,3
16,5,10.0,1,100000,2,5,3.9684197481632875e-05,16,2025-10-25T11:11:59,10
16,5,10.0,1,100000,2,5,3.653188583506747e-05,15,2025-10-25T11:11:59,2
16,5,10.0,1,100000,2,5,7.082630746792334e-05,11,2025-10-25T11:12:00,0
16,5,10.0,1,100000,2,5,0.00010420186811509721,26,2025-10-25T11:12:00,9
16,5,10.0,1,100000,2,6,5.009505806642911e-05,13,2025-10-25T11:12:00,5
16,5,10.0,1,100000,2,6,6.511058353276935e-05,16,2025-10-25T11:12:00,4
16,5,10.0,1,100000,2,7,5.21005344688519e-05,13,2025-10-25T11:12:00,6
16,5,10.0,1,100000,2,6,8.454571513680287e-05,19,2025-10-25T11:12:00,8
16,5,10.0,1,100000,2,6,5.215167776998226e-05,9,2025-10-25T11:12:00,10
16,5,10.0,1,100000,2,6,0.00011602057050084871,20,2025-10-25T11:12:00,7
16,5,10.0,1,100000,2,6,4.378146781746583e-05,13,2025-10-25T11:12:00,3
16,5,10.0,1,100000,2,6,4.891063629303204e-05,17,2025-10-25T11:12:01,1
16,5,10.0,1,100000,2,6,6.179832860919307e-05,13,2025-10-25T11:12:01,0
16,5,10.0,1,100000,2,6,6.149665823355644e-05,19,2025-10-25T11:12:01,2
16,5,10.0,1,100000,2,6,5.706824538013332e-05,16,2025-10-25T11:12:01,9
16,5,10.0,1,100000,2,7,3.894282082818856e-05,14,2025-10-25T11:12:02,10
16,5,10.0,1,100000,2,7,8.16056837098293e-05,18,2025-10-25T11:12:02,4
16,5,10.0,1,100000,2,7,7.822609194125041e-05,23,2025-10-25T11:12:02,5
16,5,10.0,1,100000,2,8,5.398836194692554e-05,18,2025-10-25T11:12:02,6
16,5,10.0,1,100000,2,7,5.734792185502185e-05,21,2025-10-25T11:12:02,8
16,5,10.0,1,100000,2,7,6.119705163894317e-05,17,2025-10-25T11:12:02,1
16,5,10.0,1,100000,2,7,7.1825510966472e-05,22,2025-10-25T11:12:02,7
16,5,10.0,1,100000,2,7,5.5987681247770406e-05,12,2025-10-25T11:12:02,0
16,5,10.0,1,100000,2,7,9.6554680667757e-05,16,2025-10-25T11:12:02,2
16,5,10.0,1,100000,2,7,5.133646362861389e-05,25,2025-10-25T11:12:02,3
16,5,10.0,1,100000,2,7,9.070454264090528e-05,19,2025-10-25T11:12:03,9
16,5,10.0,1,100000,2,8,7.995813227025124e-05,12,2025-10-25T11:12:03,4
16,5,10.0,1,100000,2,8,6.618608213348642e-05,15,2025-10-25T11:12:03,10
16,5,10.0,1,100000,2,8,4.220482364322191e-05,11,2025-10-25T11:12:03,8
16,5,10.0,1,100000,2,9,6.855515292853248e-05,16,2025-10-25T11:12:03,6
16,5,10.0,1,100000,2,8,7.649292938452211e-05,15,2025-10-25T11:12:03,1
16,5,10.0,1,100000,2,8,4.1203397353837264e-05,11,2025-10-25T11:12:03,9
16,5,10.0,1,100000,2,8,5.1156304767082186e-05,12,2025-10-25T11:12:03,0
16,5,10.0,1,100000,2,8,9.432453806586702e-05,23,2025-10-25T11:12:03,5
16,5,10.0,1,100000,2,8,6.992023710518655e-05,14,2025-10-25T11:12:04,2
16,5,10.0,1,100000,2,8,5.671194962284935e-05,19,2025-10-25T11:12:04,7
16,5,10.0,1,100000,2,8,4.77217205761695e-05,20,2025-10-25T11:12:04,3
16,5,10.0,1,100000,2,9,4.8080472113468566e-05,12,2025-10-25T11:12:04,10
16,5,10.0,1,100000,2,9,8.771658911751062e-05,19,2025-10-25T11:12:04,4
16,5,10.0,1,100000,2,9,7.339781886503873e-05,16,2025-10-25T11:12:05,8
16,5,10.0,1,100000,2,9,1.862940499147844e-05,14,2025-10-25T11:12:05,5
16,5,10.0,1,100000,2,9,4.35521486888707e-05,13,2025-10-25T11:12:05,9
16,5,10.0,1,100000,2,9,4.5043832986408896e-05,15,2025-10-25T11:12:05,1
16,5,10.0,1,100000,2,9,4.636975981086637e-05,13,2025-10-25T11:12:05,7
16,5,10.0,1,100000,2,9,6.790070331151109e-05,15,2025-10-25T11:12:05,2
16,5,10.0,1,100000,2,9,3.525151496037854e-05,19,2025-10-25T11:12:05,0
16,5,10.0,1,100000,2,9,3.557426892276108e-05,17,2025-10-25T11:12:05,3
18,5,10.0,1,100000,2,0,5.4670874474059974e-05,12,2025-10-25T11:12:20,5
18,5,10.0,1,100000,2,0,5.193015745517379e-05,15,2025-10-25T11:12:21,7
18,5,10.0,1,100000,2,0,0.00010479239909277987,17,2025-10-25T11:12:21,8
18,5,10.0,1,100000,2,0,8.666014996968404e-05,16,2025-10-25T11:12:22,9
18,5,10.0,1,100000,2,0,6.280645257335391e-05,20,2025-10-25T11:12:23,6
18,5,10.0,1,100000,2,0,7.289900634788388e-05,14,2025-10-25T11:12:23,4
18,5,10.0,1,100000,2,0,9.071822791243699e-05,17,2025-10-25T11:12:24,1
18,5,10.0,1,100000,2,0,7.43524516981199e-05,17,2025-10-25T11:12:24,0
18,5,10.0,1,100000,2,0,8.335349378165815e-05,19,2025-10-25T11:12:24,2
18,5,10.0,1,100000,2,0,5.461236341778013e-05,13,2025-10-25T11:12:24,10
18,5,10.0,1,100000,2,0,0.00017649740359932623,19,2025-10-25T11:12:24,3
18,5,10.0,1,100000,2,1,0.0001013925568761288,8,2025-10-25T11:12:26,4
18,5,10.0,1,100000,2,1,9.296517817842751e-05,11,2025-10-25T11:12:34,9
18,5,10.0,1,100000,2,1,0.00014528422013801264,25,2025-10-25T11:12:35,5
18,5,10.0,1,100000,2,1,0.00012552990664293524,17,2025-10-25T11:12:35,8
18,5,10.0,1,100000,2,1,7.293045813582704e-05,20,2025-10-25T11:12:35,7
18,5,10.0,1,100000,2,1,6.853151184573502e-05,20,2025-10-25T11:12:37,6
18,5,10.0,1,100000,2,1,0.0001447348117282032,16,2025-10-25T11:12:37,0
18,5,10.0,1,100000,2,1,0.0001118399237901956,16,2025-10-25T11:12:37,10
18,5,10.0,1,100000,2,1,6.542905013568488e-05,14,2025-10-25T11:12:37,1
18,5,10.0,1,100000,2,1,8.296880742424004e-05,14,2025-10-25T11:12:37,3
18,5,10.0,1,100000,2,1,8.345995012757502e-05,12,2025-10-25T11:12:37,2
18,5,10.0,1,100000,2,2,0.00012189960970803808,18,2025-10-25T11:12:39,4
18,5,10.0,1,100000,2,2,7.240299903625452e-05,15,2025-10-25T11:12:47,9
18,5,10.0,1,100000,2,2,0.00011124914825847812,19,2025-10-25T11:12:47,8
18,5,10.0,1,100000,2,2,9.581535315318672e-05,18,2025-10-25T11:12:47,5
18,5,10.0,1,100000,2,2,5.0380045878289966e-05,14,2025-10-25T11:12:48,7
18,5,10.0,1,100000,2,2,6.554462680615754e-05,12,2025-10-25T11:12:49,6
18,5,10.0,1,100000,2,2,8.685239642899262e-05,17,2025-10-25T11:12:50,3
18,5,10.0,1,100000,2,2,8.784657460180089e-05,17,2025-10-25T11:12:50,10
18,5,10.0,1,100000,2,2,8.344783126826018e-05,20,2025-10-25T11:12:51,1
18,5,10.0,1,100000,2,2,0.0001307463249327549,22,2025-10-25T11:12:51,2
18,5,10.0,1,100000,2,2,0.0001349668899277123,26,2025-10-25T11:12:51,0
18,5,10.0,1,100000,2,3,8.208153259649841e-05,13,2025-10-25T11:12:52,4
18,5,10.0,1,100000,2,3,3.0467286274711464e-05,16,2025-10-25T11:12:59,5
18,5,10.0,1,100000,2,3,0.00012368186964446633,21,2025-10-25T11:13:00,9
18,5,10.0,1,100000,2,3,8.491271516904153e-05,23,2025-10-25T11:13:00,8
18,5,10.0,1,100000,2,3,0.00013518425765005578,22,2025-10-25T11:13:01,7
18,5,10.0,1,100000,2,3,0.00011768254834123493,21,2025-10-25T11:13:02,6
18,5,10.0,1,100000,2,3,7.710385475419796e-05,18,2025-10-25T11:13:03,10
18,5,10.0,1,100000,2,3,9.085611117301438e-05,16,2025-10-25T11:13:03,1
18,5,10.0,1,100000,2,3,9.600090102453218e-05,15,2025-10-25T11:13:04,2
18,5,10.0,1,100000,2,3,8.509730929329562e-05,23,2025-10-25T11:13:04,3
18,5,10.0,1,100000,2,3,0.00014816455307365358,20,2025-10-25T11:13:04,0
18,5,10.0,1,100000,2,4,0.00010154583403707876,26,2025-10-25T11:13:05,4
18,5,10.0,1,100000,2,4,7.251029443790797e-05,18,2025-10-25T11:13:12,5
18,5,10.0,1,100000,2,4,0.00012359366000734865,29,2025-10-25T11:13:13,9
18,5,10.0,1,100000,2,4,0.0001864691970024639,16,2025-10-25T11:13:13,8
18,5,10.0,1,100000,2,4,0.00010209417022763566,15,2025-10-25T11:13:13,7
18,5,10.0,1,100000,2,4,0.0001296699599771136,23,2025-10-25T11:13:14,6
18,5,10.0,1,100000,2,4,8.398271963944417e-05,17,2025-10-25T11:13:16,10
18,5,10.0,1,100000,2,4,9.394822682209113e-05,18,2025-10-25T11:13:16,1
18,5,10.0,1,100000,2,4,0.00010562997617579582,17,2025-10-25T11:13:16,2
18,5,10.0,1,100000,2,4,8.313195030633685e-05,13,2025-10-25T11:13:16,3
18,5,10.0,1,100000,2,5,5.768631831639892e-05,14,2025-10-25T11:13:17,4
18,5,10.0,1,100000,2,4,0.00013345292161439127,21,2025-10-25T11:13:17,0
18,5,10.0,1,100000,2,5,5.429483618594666e-05,12,2025-10-25T11:13:19,1
18,5,10.0,1,100000,2,5,0.00010087912672559002,22,2025-10-25T11:13:25,5
18,5,10.0,1,100000,2,5,0.00010292368350922577,17,2025-10-25T11:13:25,8
18,5,10.0,1,100000,2,5,0.00013321001098319136,25,2025-10-25T11:13:27,9
18,5,10.0,1,100000,2,5,0.00011571876389367147,23,2025-10-25T11:13:27,7
18,5,10.0,1,100000,2,5,8.823362363714202e-05,21,2025-10-25T11:13:27,6
18,5,10.0,1,100000,2,5,0.00011032063920104257,17,2025-10-25T11:13:28,2
18,5,10.0,1,100000,2,5,0.00013031747840473417,17,2025-10-25T11:13:28,10
18,5,10.0,1,100000,2,5,0.00010642704190934548,20,2025-10-25T11:13:29,3
18,5,10.0,1,100000,2,6,9.857426596868171e-05,20,2025-10-25T11:13:30,4
18,5,10.0,1,100000,2,5,0.00018049818546710445,23,2025-10-25T11:13:31,0
18,5,10.0,1,100000,2,6,0.00015950318128831953,26,2025-10-25T11:13:33,1
18,5,10.0,1,100000,2,6,8.82391313350949e-05,16,2025-10-25T11:13:37,8
18,5,10.0,1,100000,2,6,0.00011053182240301974,18,2025-10-25T11:13:37,5
18,5,10.0,1,100000,2,6,7.950979402482026e-05,16,2025-10-25T11:13:40,6
18,5,10.0,1,100000,2,6,0.00010679559427364743,21,2025-10-25T11:13:40,9
18,5,10.0,1,100000,2,6,8.585212266488848e-05,24,2025-10-25T11:13:40,7
18,5,10.0,1,100000,2,7,5.26346525973404e-05,16,2025-10-25T11:13:41,8
18,5,10.0,1,100000,2,6,0.00010608315786061208,21,2025-10-25T11:13:41,10
18,5,10.0,1,100000,2,6,0.0001623706429603804,17,2025-10-25T11:13:41,3
18,5,10.0,1,100000,2,6,0.00016048185867596721,24,2025-10-25T11:13:42,2
18,5,10.0,1,100000,2,7,4.0206271302848305e-05,11,2025-10-25T11:13:42,7
18,5,10.0,1,100000,2,7,6.0291730885156104e-05,18,2025-10-25T11:13:43,4
18,5,10.0,1,100000,2,6,0.00013765190336537285,15,2025-10-25T11:13:44,0
18,5,10.0,1,100000,2,7,0.00012458258828504463,18,2025-10-25T11:13:44,1
18,5,10.0,1,100000,2,8,5.4696702892365446e-05,10,2025-10-25T11:13:46,4
18,5,10.0,1,100000,2,7,0.0002006405854297282,21,2025-10-25T11:13:50,5
18,5,10.0,1,100000,2,7,0.00012737865501614613,12,2025-10-25T11:13:52,9
18,5,10.0,1,100000,2,7,5.26446487464473e-05,22,2025-10-25T11:13:52,6
18,5,10.0,1,100000,2,8,0.00011244387342217232,13,2025-10-25T11:13:53,8
18,5,10.0,1,100000,2,7,0.00013064098027179235,17,2025-10-25T11:13:54,10
18,5,10.0,1,100000,2,7,0.00013210123871427917,16,2025-10-25T11:13:55,2
18,5,10.0,1,100000,2,7,0.00016119847733711153,18,2025-10-25T11:13:55,3
18,5,10.0,1,100000,2,8,5.9176189661947176e-05,16,2025-10-25T11:13:55,7
18,5,10.0,1,100000,2,8,8.586934819071214e-05,15,2025-10-25T11:13:57,1
18,5,10.0,1,100000,2,7,0.00010119567948453473,19,2025-10-25T11:13:57,0
18,5,10.0,1,100000,2,9,0.00015362612416813928,19,2025-10-25T11:13:59,4
18,5,10.0,1,100000,2,8,0.0001029507962865671,15,2025-10-25T11:14:02,5
18,5,10.0,1,100000,2,8,8.640133778002972e-05,20,2025-10-25T11:14:04,9
18,5,10.0,1,100000,2,8,6.925393669763124e-05,18,2025-10-25T11:14:05,6
18,5,10.0,1,100000,2,9,0.0001324379182651817,14,2025-10-25T11:14:05,8
18,5,10.0,1,100000,2,9,4.3684647811750176e-05,12,2025-10-25T11:14:05,5
18,5,10.0,1,100000,2,8,0.00010702330070293654,17,2025-10-25T11:14:06,10
18,5,10.0,1,100000,2,8,0.00011094952726798733,20,2025-10-25T11:14:06,3
18,5,10.0,1,100000,2,8,0.0001758053248902669,21,2025-10-25T11:14:06,2
18,5,10.0,1,100000,2,9,0.00012363734091986974,19,2025-10-25T11:14:07,7
18,5,10.0,1,100000,2,8,4.3757120601028785e-05,13,2025-10-25T11:14:07,0
18,5,10.0,1,100000,2,9,0.00011174050946947096,18,2025-10-25T11:14:07,1
18,5,10.0,1,100000,2,9,9.920455905404917e-05,16,2025-10-25T11:14:11,9
18,5,10.0,1,100000,2,9,7.32636190057641e-05,18,2025-10-25T11:14:11,6
18,5,10.0,1,100000,2,9,9.956701810736797e-05,15,2025-10-25T11:14:12,10
18,5,10.0,1,100000,2,9,8.3660903328284e-05,15,2025-10-25T11:14:12,2
18,5,10.0,1,100000,2,9,0.00010294148028596775,22,2025-10-25T11:14:12,3
18,5,10.0,1,100000,2,9,0.0001199658652806953,14,2025-10-25T11:14:13,0
