n,k,t,l,r,p,rep,norm,active_count,timestamp,worker
6,5,10.0,2,100000,2,0,6.187727855652066e-11,6,2025-10-06T15:24:45,3
6,5,10.0,2,100000,2,0,1.7046469582745588e-10,6,2025-10-06T15:24:45,0
6,5,10.0,2,100000,2,0,1.6621119879156647e-10,6,2025-10-06T15:24:45,1
6,5,10.0,2,100000,2,0,1.623579901000925e-10,6,2025-10-06T15:24:45,4
6,5,10.0,2,100000,2,1,4.939150396842905e-11,6,2025-10-06T15:24:45,3
6,5,10.0,2,100000,2,1,4.7678279060779615e-11,6,2025-10-06T15:24:45,1
6,5,10.0,2,100000,2,1,5.3532124290050584e-11,6,2025-10-06T15:24:45,0
6,5,10.0,2,100000,2,1,7.727658935677164e-11,6,2025-10-06T15:24:45,4
6,5,10.0,2,100000,2,2,4.4453356190079356e-11,6,2025-10-06T15:24:45,3
6,5,10.0,2,100000,2,2,8.325501872718204e-11,6,2025-10-06T15:24:45,1
6,5,10.0,2,100000,2,2,2.721739193837542e-10,6,2025-10-06T15:24:45,0
6,5,10.0,2,100000,2,2,1.0604903931219104e-10,6,2025-10-06T15:24:45,4
6,5,10.0,2,100000,2,0,7.810822894663709e-11,6,2025-10-06T15:24:45,7
6,5,10.0,2,100000,2,3,1.1516207675264112e-10,6,2025-10-06T15:24:45,3
6,5,10.0,2,100000,2,0,8.904723614566109e-11,6,2025-10-06T15:24:45,2
6,5,10.0,2,100000,2,3,7.050714022420432e-11,6,2025-10-06T15:24:45,0
6,5,10.0,2,100000,2,3,8.592085875466883e-11,6,2025-10-06T15:24:45,1
6,5,10.0,2,100000,2,3,1.224905618517588e-10,6,2025-10-06T15:24:45,4
6,5,10.0,2,100000,2,4,1.7033266810798645e-10,6,2025-10-06T15:24:45,3
6,5,10.0,2,100000,2,1,1.1470868773440744e-10,6,2025-10-06T15:24:45,7
6,5,10.0,2,100000,2,1,9.912572866663087e-11,6,2025-10-06T15:24:45,2
6,5,10.0,2,100000,2,0,1.0997494043728587e-10,6,2025-10-06T15:24:45,6
6,5,10.0,2,100000,2,4,1.1837938550231004e-10,6,2025-10-06T15:24:45,0
6,5,10.0,2,100000,2,4,4.362129277546803e-11,6,2025-10-06T15:24:45,1
6,5,10.0,2,100000,2,4,1.2934402308853492e-10,6,2025-10-06T15:24:45,4
6,5,10.0,2,100000,2,5,7.992085024749648e-11,6,2025-10-06T15:24:45,3
6,5,10.0,2,100000,2,2,9.758994190711933e-11,6,2025-10-06T15:24:45,7
6,5,10.0,2,100000,2,2,9.272562722760732e-11,6,2025-10-06T15:24:45,2
6,5,10.0,2,100000,2,0,6.917639066788033e-11,6,2025-10-06T15:24:45,5
6,5,10.0,2,100000,2,0,9.530525954305718e-11,6,2025-10-06T15:24:45,9
6,5,10.0,2,100000,2,5,1.0295876698762401e-10,6,2025-10-06T15:24:45,4
6,5,10.0,2,100000,2,3,1.1996817872592336e-10,6,2025-10-06T15:24:45,2
6,5,10.0,2,100000,2,5,6.256253043087346e-11,6,2025-10-06T15:24:45,0
6,5,10.0,2,100000,2,1,1.45998191593566e-10,6,2025-10-06T15:24:45,6
6,5,10.0,2,100000,2,5,3.2968324687225555e-11,6,2025-10-06T15:24:45,1
6,5,10.0,2,100000,2,0,1.192091206481349e-10,6,2025-10-06T15:24:45,8
6,5,10.0,2,100000,2,3,8.516867573837203e-11,6,2025-10-06T15:24:45,7
6,5,10.0,2,100000,2,6,7.479735444306914e-11,6,2025-10-06T15:24:45,3
6,5,10.0,2,100000,2,0,1.2909003157160413e-10,6,2025-10-06T15:24:45,10
6,5,10.0,2,100000,2,4,6.214986305020363e-11,6,2025-10-06T15:24:45,2
6,5,10.0,2,100000,2,1,1.480752673057962e-10,6,2025-10-06T15:24:45,5
6,5,10.0,2,100000,2,7,9.690324894918032e-11,6,2025-10-06T15:24:45,3
6,5,10.0,2,100000,2,6,1.0849355609938922e-10,6,2025-10-06T15:24:45,4
6,5,10.0,2,100000,2,6,1.0848645315281379e-10,6,2025-10-06T15:24:45,1
6,5,10.0,2,100000,2,2,8.059959340790758e-11,6,2025-10-06T15:24:45,6
6,5,10.0,2,100000,2,6,1.7392982989619688e-10,6,2025-10-06T15:24:45,0
6,5,10.0,2,100000,2,1,7.277536801918878e-11,6,2025-10-06T15:24:45,10
6,5,10.0,2,100000,2,4,1.3071697403854934e-10,6,2025-10-06T15:24:45,7
6,5,10.0,2,100000,2,7,1.1101457828143424e-10,6,2025-10-06T15:24:45,0
6,5,10.0,2,100000,2,1,1.3535227684419044e-10,6,2025-10-06T15:24:45,8
6,5,10.0,2,100000,2,2,1.8300551351996936e-10,6,2025-10-06T15:24:45,10
6,5,10.0,2,100000,2,1,9.353838192106787e-11,6,2025-10-06T15:24:45,9
6,5,10.0,2,100000,2,3,1.371249150832421e-10,6,2025-10-06T15:24:45,6
6,5,10.0,2,100000,2,8,1.2701744131248142e-10,6,2025-10-06T15:24:45,3
6,5,10.0,2,100000,2,5,5.523891986864466e-11,6,2025-10-06T15:24:45,2
6,5,10.0,2,100000,2,7,6.963132563641125e-11,6,2025-10-06T15:24:45,4
6,5,10.0,2,100000,2,7,5.080624891876511e-11,6,2025-10-06T15:24:45,1
6,5,10.0,2,100000,2,2,1.349801664555897e-10,6,2025-10-06T15:24:45,5
6,5,10.0,2,100000,2,8,1.6641127820191466e-10,6,2025-10-06T15:24:45,0
6,5,10.0,2,100000,2,5,1.105625489897104e-10,6,2025-10-06T15:24:45,7
6,5,10.0,2,100000,2,3,2.359648217833766e-10,6,2025-10-06T15:24:45,10
6,5,10.0,2,100000,2,2,9.834431012442555e-11,6,2025-10-06T15:24:45,8
6,5,10.0,2,100000,2,2,1.4553937712272725e-10,6,2025-10-06T15:24:45,9
6,5,10.0,2,100000,2,6,6.938117222146051e-11,6,2025-10-06T15:24:45,2
6,5,10.0,2,100000,2,9,1.0906323246086316e-10,6,2025-10-06T15:24:45,3
6,5,10.0,2,100000,2,8,1.5978618190813927e-10,6,2025-10-06T15:24:45,1
6,5,10.0,2,100000,2,3,1.421997040937495e-10,6,2025-10-06T15:24:45,5
6,5,10.0,2,100000,2,8,8.013026790154602e-11,6,2025-10-06T15:24:45,4
6,5,10.0,2,100000,2,4,1.4762955639507264e-10,6,2025-10-06T15:24:45,6
6,5,10.0,2,100000,2,9,1.7125464830673136e-10,6,2025-10-06T15:24:45,0
6,5,10.0,2,100000,2,6,5.487651428511756e-11,6,2025-10-06T15:24:45,7
6,5,10.0,2,100000,2,7,1.5100690729173604e-10,6,2025-10-06T15:24:45,2
6,5,10.0,2,100000,2,9,1.0718557078336313e-10,6,2025-10-06T15:24:45,4
6,5,10.0,2,100000,2,9,3.459462189857032e-11,6,2025-10-06T15:24:45,1
6,5,10.0,2,100000,2,7,9.598341050566885e-11,6,2025-10-06T15:24:45,7
6,5,10.0,2,100000,2,4,1.6527065387567537e-10,6,2025-10-06T15:24:45,10
6,5,10.0,2,100000,2,8,1.0272336432433041e-10,6,2025-10-06T15:24:45,2
6,5,10.0,2,100000,2,3,1.9722453153223696e-10,6,2025-10-06T15:24:45,8
6,5,10.0,2,100000,2,4,7.568521971056378e-11,6,2025-10-06T15:24:45,5
6,5,10.0,2,100000,2,8,3.528756415407876e-11,6,2025-10-06T15:24:45,7
6,5,10.0,2,100000,2,9,1.60895444541827e-10,6,2025-10-06T15:24:45,2
6,5,10.0,2,100000,2,9,1.2002368985984434e-10,6,2025-10-06T15:24:45,7
6,5,10.0,2,100000,2,3,2.35428884645549e-10,6,2025-10-06T15:24:45,9
6,5,10.0,2,100000,2,4,2.682656524140686e-10,6,2025-10-06T15:24:45,8
6,5,10.0,2,100000,2,5,1.7652182506760324e-10,6,2025-10-06T15:24:45,10
6,5,10.0,2,100000,2,5,1.981909397889638e-10,6,2025-10-06T15:24:45,6
6,5,10.0,2,100000,2,5,7.478885914354563e-11,6,2025-10-06T15:24:45,5
6,5,10.0,2,100000,2,5,9.682835167371201e-11,6,2025-10-06T15:24:45,8
6,5,10.0,2,100000,2,6,8.715088816332913e-11,6,2025-10-06T15:24:45,6
6,5,10.0,2,100000,2,4,1.1409900711930663e-10,6,2025-10-06T15:24:45,9
6,5,10.0,2,100000,2,6,1.7786526643525142e-10,6,2025-10-06T15:24:45,10
6,5,10.0,2,100000,2,6,1.5722902329962896e-10,6,2025-10-06T15:24:45,5
6,5,10.0,2,100000,2,5,1.155005010558094e-10,6,2025-10-06T15:24:45,9
6,5,10.0,2,100000,2,7,1.0690884935783611e-10,6,2025-10-06T15:24:45,6
6,5,10.0,2,100000,2,6,1.229924227822882e-10,6,2025-10-06T15:24:45,8
6,5,10.0,2,100000,2,7,4.3517208890498774e-11,6,2025-10-06T15:24:45,10
6,5,10.0,2,100000,2,7,4.4362741040252865e-11,6,2025-10-06T15:24:45,5
6,5,10.0,2,100000,2,6,1.0754659376020964e-10,6,2025-10-06T15:24:45,9
6,5,10.0,2,100000,2,8,1.2767503410643416e-10,6,2025-10-06T15:24:45,10
6,5,10.0,2,100000,2,7,1.7705133440521428e-10,6,2025-10-06T15:24:45,9
6,5,10.0,2,100000,2,7,7.25753336569596e-11,6,2025-10-06T15:24:45,8
6,5,10.0,2,100000,2,8,4.379801956805539e-11,6,2025-10-06T15:24:45,6
6,5,10.0,2,100000,2,8,5.247581359062458e-11,6,2025-10-06T15:24:45,5
6,5,10.0,2,100000,2,8,4.307903588735123e-11,6,2025-10-06T15:24:45,9
6,5,10.0,2,100000,2,9,8.714106059204288e-11,6,2025-10-06T15:24:45,10
6,5,10.0,2,100000,2,9,1.9091526612641604e-10,6,2025-10-06T15:24:45,6
6,5,10.0,2,100000,2,8,9.513930819423744e-11,6,2025-10-06T15:24:45,8
6,5,10.0,2,100000,2,9,9.673737351959015e-11,6,2025-10-06T15:24:45,5
6,5,10.0,2,100000,2,9,6.279002090389326e-11,6,2025-10-06T15:24:45,9
6,5,10.0,2,100000,2,9,8.53336826733834e-11,6,2025-10-06T15:24:45,8
8,5,10.0,2,100000,2,0,3.4134344859040175e-11,4,2025-10-06T15:24:45,10
8,5,10.0,2,100000,2,0,2.4117131266513354e-10,5,2025-10-06T15:24:45,5
8,5,10.0,2,100000,2,0,1.9952170598155642e-10,6,2025-10-06T15:24:45,6
8,5,10.0,2,100000,2,0,1.697265481154893e-10,7,2025-10-06T15:24:45,3
8,5,10.0,2,100000,2,0,3.711157432109557e-11,6,2025-10-06T15:24:45,7
8,5,10.0,2,100000,2,0,2.5181977569456815e-10,9,2025-10-06T15:24:45,1
8,5,10.0,2,100000,2,0,2.913810068299211e-10,9,2025-10-06T15:24:45,2
8,5,10.0,2,100000,2,0,2.949457406672979e-10,9,2025-10-06T15:24:45,9
8,5,10.0,2,100000,2,1,2.6209240271224816e-10,6,2025-10-06T15:24:45,10
8,5,10.0,2,100000,2,1,8.988043126274751e-11,6,2025-10-06T15:24:45,5
8,5,10.0,2,100000,2,0,1.9097227563552717e-10,8,2025-10-06T15:24:45,0
8,5,10.0,2,100000,2,0,5.5777587331312353e-11,9,2025-10-06T15:24:45,4
8,5,10.0,2,100000,2,0,1.1891827122486675e-10,12,2025-10-06T15:24:45,8
8,5,10.0,2,100000,2,1,3.161555406634561e-10,8,2025-10-06T15:24:45,6
8,5,10.0,2,100000,2,1,1.5021720055916775e-10,3,2025-10-06T15:24:45,2
8,5,10.0,2,100000,2,1,2.613062019271227e-10,12,2025-10-06T15:24:45,3
8,5,10.0,2,100000,2,1,1.5194865888666267e-10,8,2025-10-06T15:24:45,1
8,5,10.0,2,100000,2,1,2.5523973885975564e-10,5,2025-10-06T15:24:45,0
8,5,10.0,2,100000,2,1,2.7637003370102017e-10,11,2025-10-06T15:24:45,7
8,5,10.0,2,100000,2,1,1.3319146707326593e-10,9,2025-10-06T15:24:45,9
8,5,10.0,2,100000,2,2,3.4715756796690095e-10,9,2025-10-06T15:24:45,10
8,5,10.0,2,100000,2,2,1.5651178533364237e-10,5,2025-10-06T15:24:45,2
8,5,10.0,2,100000,2,1,1.3225987551014214e-10,9,2025-10-06T15:24:45,4
8,5,10.0,2,100000,2,1,3.415647676325763e-10,9,2025-10-06T15:24:45,8
8,5,10.0,2,100000,2,2,2.4035040192667785e-10,11,2025-10-06T15:24:45,5
8,5,10.0,2,100000,2,3,8.649136592652119e-11,4,2025-10-06T15:24:46,2
8,5,10.0,2,100000,2,2,1.1248288709543867e-10,10,2025-10-06T15:24:46,6
8,5,10.0,2,100000,2,2,3.154624360471361e-10,5,2025-10-06T15:24:46,8
8,5,10.0,2,100000,2,2,3.473191893918635e-10,7,2025-10-06T15:24:46,4
8,5,10.0,2,100000,2,2,2.0236135772770143e-10,11,2025-10-06T15:24:46,0
8,5,10.0,2,100000,2,2,1.4662329867499611e-10,7,2025-10-06T15:24:46,9
8,5,10.0,2,100000,2,3,1.328977939670714e-10,10,2025-10-06T15:24:46,10
8,5,10.0,2,100000,2,2,1.822228333849248e-10,10,2025-10-06T15:24:46,1
8,5,10.0,2,100000,2,4,2.0787933133005236e-11,3,2025-10-06T15:24:46,2
8,5,10.0,2,100000,2,2,9.699239084653032e-11,12,2025-10-06T15:24:46,7
8,5,10.0,2,100000,2,3,1.9994608720061093e-10,6,2025-10-06T15:24:46,9
8,5,10.0,2,100000,2,3,3.391820641853655e-10,12,2025-10-06T15:24:46,5
8,5,10.0,2,100000,2,3,1.3684634434265459e-10,6,2025-10-06T15:24:46,8
8,5,10.0,2,100000,2,3,1.5637551325342544e-10,7,2025-10-06T15:24:46,0
8,5,10.0,2,100000,2,3,2.2496362416773857e-10,8,2025-10-06T15:24:46,6
8,5,10.0,2,100000,2,2,9.492077596207698e-11,13,2025-10-06T15:24:46,3
8,5,10.0,2,100000,2,3,3.9703193029006865e-10,6,2025-10-06T15:24:46,1
8,5,10.0,2,100000,2,3,2.0508570098681932e-10,12,2025-10-06T15:24:46,4
8,5,10.0,2,100000,2,4,7.537344094430223e-11,2,2025-10-06T15:24:46,6
8,5,10.0,2,100000,2,4,2.4036125486618523e-10,9,2025-10-06T15:24:46,10
8,5,10.0,2,100000,2,5,4.087576306611867e-10,11,2025-10-06T15:24:46,2
8,5,10.0,2,100000,2,3,9.62817678995812e-11,4,2025-10-06T15:24:46,3
8,5,10.0,2,100000,2,4,1.7527494258479635e-10,6,2025-10-06T15:24:46,0
8,5,10.0,2,100000,2,3,2.1831919956783469e-10,11,2025-10-06T15:24:46,7
8,5,10.0,2,100000,2,4,1.7633912141529596e-10,8,2025-10-06T15:24:46,9
8,5,10.0,2,100000,2,4,1.3557646802961848e-10,6,2025-10-06T15:24:46,1
8,5,10.0,2,100000,2,5,1.9649047910211155e-10,5,2025-10-06T15:24:46,6
8,5,10.0,2,100000,2,5,2.2054533149135196e-10,6,2025-10-06T15:24:46,0
8,5,10.0,2,100000,2,4,2.4943174659823185e-10,13,2025-10-06T15:24:46,5
8,5,10.0,2,100000,2,5,2.048093732639512e-10,7,2025-10-06T15:24:46,9
8,5,10.0,2,100000,2,4,2.823864078562395e-10,12,2025-10-06T15:24:46,4
8,5,10.0,2,100000,2,4,2.4420441904166167e-10,7,2025-10-06T15:24:46,7
8,5,10.0,2,100000,2,6,4.310058145001897e-10,10,2025-10-06T15:24:46,2
8,5,10.0,2,100000,2,5,1.005385726453939e-10,9,2025-10-06T15:24:46,1
8,5,10.0,2,100000,2,6,1.3800958933297942e-10,7,2025-10-06T15:24:46,6
8,5,10.0,2,100000,2,4,2.6055076459538547e-10,10,2025-10-06T15:24:46,3
8,5,10.0,2,100000,2,5,2.912963649885436e-10,10,2025-10-06T15:24:46,10
8,5,10.0,2,100000,2,5,1.1030326147366281e-10,5,2025-10-06T15:24:46,4
8,5,10.0,2,100000,2,6,1.2371652223408731e-10,8,2025-10-06T15:24:46,0
8,5,10.0,2,100000,2,4,1.187880653707693e-10,17,2025-10-06T15:24:46,8
8,5,10.0,2,100000,2,6,1.3698150970924618e-10,8,2025-10-06T15:24:46,9
8,5,10.0,2,100000,2,6,2.940722423700773e-10,6,2025-10-06T15:24:46,1
8,5,10.0,2,100000,2,5,4.963219349227218e-11,8,2025-10-06T15:24:46,7
8,5,10.0,2,100000,2,7,3.7952462289323873e-10,7,2025-10-06T15:24:46,2
8,5,10.0,2,100000,2,7,2.2685361539893607e-10,5,2025-10-06T15:24:46,6
8,5,10.0,2,100000,2,5,3.6216340062367735e-10,11,2025-10-06T15:24:46,5
8,5,10.0,2,100000,2,5,6.947595042103974e-11,6,2025-10-06T15:24:46,3
8,5,10.0,2,100000,2,6,1.0049845523590459e-10,6,2025-10-06T15:24:46,4
8,5,10.0,2,100000,2,7,1.2411943436762169e-10,5,2025-10-06T15:24:46,0
8,5,10.0,2,100000,2,7,1.5139645061621507e-10,4,2025-10-06T15:24:46,9
8,5,10.0,2,100000,2,6,1.1911036661763788e-10,10,2025-10-06T15:24:46,10
8,5,10.0,2,100000,2,7,7.86934809402131e-11,5,2025-10-06T15:24:46,1
8,5,10.0,2,100000,2,7,1.425650163602592e-10,3,2025-10-06T15:24:46,4
8,5,10.0,2,100000,2,6,1.0505654928446084e-10,5,2025-10-06T15:24:46,5
8,5,10.0,2,100000,2,6,2.4340074706245524e-10,6,2025-10-06T15:24:46,3
8,5,10.0,2,100000,2,6,2.3749962106492537e-10,9,2025-10-06T15:24:46,7
8,5,10.0,2,100000,2,8,1.7935148945574008e-10,4,2025-10-06T15:24:46,9
8,5,10.0,2,100000,2,8,8.334891632440233e-11,8,2025-10-06T15:24:46,2
8,5,10.0,2,100000,2,5,1.7955238575580624e-10,13,2025-10-06T15:24:46,8
8,5,10.0,2,100000,2,8,1.823498496014082e-10,9,2025-10-06T15:24:46,6
8,5,10.0,2,100000,2,8,1.1499138970017386e-10,6,2025-10-06T15:24:46,1
8,5,10.0,2,100000,2,8,2.2144919607754655e-10,10,2025-10-06T15:24:46,0
8,5,10.0,2,100000,2,9,4.699084944875794e-11,4,2025-10-06T15:24:46,9
8,5,10.0,2,100000,2,7,1.4058823160249636e-10,11,2025-10-06T15:24:46,10
8,5,10.0,2,100000,2,9,1.0201695106698583e-10,6,2025-10-06T15:24:46,2
8,5,10.0,2,100000,2,7,1.3912586510985346e-10,8,2025-10-06T15:24:46,3
8,5,10.0,2,100000,2,7,1.45733829794245e-10,9,2025-10-06T15:24:46,5
8,5,10.0,2,100000,2,9,6.570994331980983e-11,8,2025-10-06T15:24:46,6
8,5,10.0,2,100000,2,7,3.204531770354886e-10,11,2025-10-06T15:24:46,7
8,5,10.0,2,100000,2,8,2.1759633107323514e-10,9,2025-10-06T15:24:46,4
8,5,10.0,2,100000,2,9,2.026442912187894e-10,7,2025-10-06T15:24:46,1
8,5,10.0,2,100000,2,9,1.0765523690425076e-10,8,2025-10-06T15:24:46,0
8,5,10.0,2,100000,2,6,1.596721470127054e-10,10,2025-10-06T15:24:46,8
8,5,10.0,2,100000,2,9,2.993325700191945e-10,6,2025-10-06T15:24:46,4
8,5,10.0,2,100000,2,8,2.0467928718579143e-10,8,2025-10-06T15:24:46,10
8,5,10.0,2,100000,2,8,2.3295588536196474e-10,6,2025-10-06T15:24:46,7
8,5,10.0,2,100000,2,7,2.446784214017451e-10,3,2025-10-06T15:24:46,8
8,5,10.0,2,100000,2,8,1.341694576533298e-10,10,2025-10-06T15:24:46,3
8,5,10.0,2,100000,2,8,2.9884253627453115e-10,13,2025-10-06T15:24:46,5
8,5,10.0,2,100000,2,9,1.79508381078285e-10,5,2025-10-06T15:24:46,7
8,5,10.0,2,100000,2,9,1.3947929129546985e-10,7,2025-10-06T15:24:46,10
8,5,10.0,2,100000,2,9,1.3438360183081885e-10,6,2025-10-06T15:24:46,3
8,5,10.0,2,100000,2,9,2.33736078221341e-10,9,2025-10-06T15:24:46,5
8,5,10.0,2,100000,2,8,2.0077077812932942e-10,8,2025-10-06T15:24:46,8
8,5,10.0,2,100000,2,9,1.8669665178291805e-10,8,2025-10-06T15:24:46,8
10,5,10.0,2,100000,2,0,6.660042772892439e-11,1,2025-10-06T15:24:46,8
10,5,10.0,2,100000,2,0,2.311355563418977e-10,8,2025-10-06T15:24:46,10
10,5,10.0,2,100000,2,0,4.283936580450689e-10,8,2025-10-06T15:24:46,3
10,5,10.0,2,100000,2,1,2.762994804075912e-10,8,2025-10-06T15:24:46,8
10,5,10.0,2,100000,2,0,3.3865507020552544e-10,9,2025-10-06T15:24:46,1
10,5,10.0,2,100000,2,0,1.9126651415842012e-10,9,2025-10-06T15:24:46,6
10,5,10.0,2,100000,2,0,4.889013710939177e-10,12,2025-10-06T15:24:46,4
10,5,10.0,2,100000,2,0,3.837926859121992e-10,13,2025-10-06T15:24:46,5
10,5,10.0,2,100000,2,0,3.2170535488459616e-10,13,2025-10-06T15:24:46,7
10,5,10.0,2,100000,2,0,2.2471949998597055e-10,16,2025-10-06T15:24:46,2
10,5,10.0,2,100000,2,0,1.7545746333066123e-10,15,2025-10-06T15:24:46,9
10,5,10.0,2,100000,2,1,1.4095377775008667e-10,4,2025-10-06T15:24:46,6
10,5,10.0,2,100000,2,0,2.893050517415902e-10,16,2025-10-06T15:24:46,0
10,5,10.0,2,100000,2,1,2.69280490081864e-10,8,2025-10-06T15:24:46,3
10,5,10.0,2,100000,2,1,1.0018001073035186e-10,11,2025-10-06T15:24:46,1
10,5,10.0,2,100000,2,1,1.5458544136578754e-10,7,2025-10-06T15:24:46,7
10,5,10.0,2,100000,2,1,2.432983334254652e-10,14,2025-10-06T15:24:46,10
10,5,10.0,2,100000,2,2,2.143346900417299e-10,10,2025-10-06T15:24:46,8
10,5,10.0,2,100000,2,1,2.263915683843495e-10,11,2025-10-06T15:24:46,4
10,5,10.0,2,100000,2,1,3.46174534334438e-10,8,2025-10-06T15:24:46,2
10,5,10.0,2,100000,2,1,1.6847254923412753e-10,8,2025-10-06T15:24:46,5
10,5,10.0,2,100000,2,1,4.193901352879363e-10,7,2025-10-06T15:24:46,0
10,5,10.0,2,100000,2,1,7.111472309002014e-10,10,2025-10-06T15:24:46,9
10,5,10.0,2,100000,2,2,3.352252090016851e-10,12,2025-10-06T15:24:46,3
10,5,10.0,2,100000,2,2,3.4464821588457527e-10,8,2025-10-06T15:24:46,1
10,5,10.0,2,100000,2,2,2.2096565806741463e-10,8,2025-10-06T15:24:46,10
10,5,10.0,2,100000,2,2,3.3394365630230373e-10,7,2025-10-06T15:24:46,4
10,5,10.0,2,100000,2,2,2.43736176977291e-10,8,2025-10-06T15:24:46,0
10,5,10.0,2,100000,2,2,2.842645710307709e-10,12,2025-10-06T15:24:46,7
10,5,10.0,2,100000,2,2,1.6698873833785946e-10,9,2025-10-06T15:24:46,5
10,5,10.0,2,100000,2,2,3.6211970899052143e-10,11,2025-10-06T15:24:46,2
10,5,10.0,2,100000,2,2,1.6263153136879832e-10,18,2025-10-06T15:24:46,6
10,5,10.0,2,100000,2,3,3.539578780677768e-10,15,2025-10-06T15:24:46,8
10,5,10.0,2,100000,2,3,1.9600579662746251e-10,9,2025-10-06T15:24:46,10
10,5,10.0,2,100000,2,3,1.4776688606219178e-10,9,2025-10-06T15:24:46,1
10,5,10.0,2,100000,2,3,2.2771750279429469e-10,6,2025-10-06T15:24:46,5
10,5,10.0,2,100000,2,2,2.224979068838747e-10,14,2025-10-06T15:24:46,9
10,5,10.0,2,100000,2,3,2.312716864492276e-10,14,2025-10-06T15:24:46,3
10,5,10.0,2,100000,2,3,3.352161779326311e-10,11,2025-10-06T15:24:46,0
10,5,10.0,2,100000,2,3,2.747726306556732e-10,10,2025-10-06T15:24:46,4
10,5,10.0,2,100000,2,4,1.5359433738929495e-10,5,2025-10-06T15:24:46,10
10,5,10.0,2,100000,2,3,1.4717263351553278e-10,9,2025-10-06T15:24:46,6
10,5,10.0,2,100000,2,3,3.5097566962492085e-10,11,2025-10-06T15:24:46,2
10,5,10.0,2,100000,2,4,3.0379176930766525e-10,10,2025-10-06T15:24:46,8
10,5,10.0,2,100000,2,3,2.54735576950586e-10,13,2025-10-06T15:24:46,7
10,5,10.0,2,100000,2,3,2.9085214300399496e-10,9,2025-10-06T15:24:46,9
10,5,10.0,2,100000,2,4,2.0656272743299815e-10,6,2025-10-06T15:24:46,0
10,5,10.0,2,100000,2,4,1.788509853699271e-10,10,2025-10-06T15:24:46,3
10,5,10.0,2,100000,2,4,1.0587331165714368e-10,10,2025-10-06T15:24:46,1
10,5,10.0,2,100000,2,4,6.032214823284214e-10,13,2025-10-06T15:24:47,5
10,5,10.0,2,100000,2,4,3.232925942184412e-10,6,2025-10-06T15:24:47,7
10,5,10.0,2,100000,2,5,6.687916917705549e-10,12,2025-10-06T15:24:47,10
10,5,10.0,2,100000,2,4,4.1089824146552687e-10,14,2025-10-06T15:24:47,2
10,5,10.0,2,100000,2,4,4.825248075717054e-10,13,2025-10-06T15:24:47,6
10,5,10.0,2,100000,2,5,2.4362888410768094e-10,9,2025-10-06T15:24:47,0
10,5,10.0,2,100000,2,4,3.3412472159168706e-10,14,2025-10-06T15:24:47,4
10,5,10.0,2,100000,2,5,1.9486351633090373e-10,8,2025-10-06T15:24:47,3
10,5,10.0,2,100000,2,5,2.39898025898124e-10,10,2025-10-06T15:24:47,1
10,5,10.0,2,100000,2,4,1.104896550864209e-10,13,2025-10-06T15:24:47,9
10,5,10.0,2,100000,2,5,3.651489983451376e-10,11,2025-10-06T15:24:47,5
10,5,10.0,2,100000,2,6,1.7652774198617656e-10,5,2025-10-06T15:24:47,0
10,5,10.0,2,100000,2,5,3.189140618664911e-10,17,2025-10-06T15:24:47,8
10,5,10.0,2,100000,2,6,2.428615987704615e-10,10,2025-10-06T15:24:47,10
10,5,10.0,2,100000,2,5,2.2502113158768456e-10,9,2025-10-06T15:24:47,2
10,5,10.0,2,100000,2,5,2.4574216143913206e-10,13,2025-10-06T15:24:47,7
10,5,10.0,2,100000,2,5,3.1141327772183783e-10,9,2025-10-06T15:24:47,4
10,5,10.0,2,100000,2,6,7.31289730089341e-10,10,2025-10-06T15:24:47,3
10,5,10.0,2,100000,2,6,1.9739936210147205e-10,6,2025-10-06T15:24:47,5
10,5,10.0,2,100000,2,5,2.378579358883538e-10,13,2025-10-06T15:24:47,6
10,5,10.0,2,100000,2,5,1.5351589427815344e-10,11,2025-10-06T15:24:47,9
10,5,10.0,2,100000,2,7,4.816309661287165e-10,10,2025-10-06T15:24:47,0
10,5,10.0,2,100000,2,6,3.713903658415253e-10,6,2025-10-06T15:24:47,2
10,5,10.0,2,100000,2,7,2.6405221889842336e-10,9,2025-10-06T15:24:47,10
10,5,10.0,2,100000,2,6,2.0796326147669787e-10,12,2025-10-06T15:24:47,1
10,5,10.0,2,100000,2,6,2.6436424671771865e-10,7,2025-10-06T15:24:47,7
10,5,10.0,2,100000,2,6,2.4286841280394857e-10,11,2025-10-06T15:24:47,8
10,5,10.0,2,100000,2,6,3.07121931374797e-10,8,2025-10-06T15:24:47,4
10,5,10.0,2,100000,2,6,1.593976300717614e-10,8,2025-10-06T15:24:47,6
10,5,10.0,2,100000,2,7,2.545348575436301e-10,4,2025-10-06T15:24:47,4
10,5,10.0,2,100000,2,7,2.271144613312463e-10,11,2025-10-06T15:24:47,5
10,5,10.0,2,100000,2,7,2.236588055373254e-10,9,2025-10-06T15:24:47,2
10,5,10.0,2,100000,2,8,3.242599977501116e-10,10,2025-10-06T15:24:47,0
10,5,10.0,2,100000,2,7,1.1027765163204506e-10,7,2025-10-06T15:24:47,7
10,5,10.0,2,100000,2,6,4.906526158983845e-10,11,2025-10-06T15:24:47,9
10,5,10.0,2,100000,2,7,5.130788565652673e-10,14,2025-10-06T15:24:47,3
10,5,10.0,2,100000,2,8,1.7936040450273604e-10,9,2025-10-06T15:24:47,10
10,5,10.0,2,100000,2,7,1.2679613438902193e-10,9,2025-10-06T15:24:47,1
10,5,10.0,2,100000,2,7,1.3811347768739648e-10,9,2025-10-06T15:24:47,6
10,5,10.0,2,100000,2,8,2.984557662530946e-10,4,2025-10-06T15:24:47,5
10,5,10.0,2,100000,2,8,3.8185097170005386e-10,6,2025-10-06T15:24:47,2
10,5,10.0,2,100000,2,8,8.407972476810476e-11,7,2025-10-06T15:24:47,1
10,5,10.0,2,100000,2,7,6.943776718094238e-11,6,2025-10-06T15:24:47,9
10,5,10.0,2,100000,2,7,6.369257414058936e-10,14,2025-10-06T15:24:47,8
10,5,10.0,2,100000,2,9,4.882926398538748e-10,8,2025-10-06T15:24:47,10
10,5,10.0,2,100000,2,8,2.1083906418910462e-10,10,2025-10-06T15:24:47,7
10,5,10.0,2,100000,2,9,3.364374969013543e-10,14,2025-10-06T15:24:47,0
10,5,10.0,2,100000,2,8,5.0149808264906e-10,11,2025-10-06T15:24:47,4
10,5,10.0,2,100000,2,8,2.0085123342432483e-10,11,2025-10-06T15:24:47,6
10,5,10.0,2,100000,2,9,3.9087359958364415e-10,13,2025-10-06T15:24:47,5
10,5,10.0,2,100000,2,8,3.75740067674296e-10,14,2025-10-06T15:24:47,3
10,5,10.0,2,100000,2,9,3.305845914257227e-10,10,2025-10-06T15:24:47,2
10,5,10.0,2,100000,2,8,3.3121248220010684e-10,11,2025-10-06T15:24:47,9
10,5,10.0,2,100000,2,9,2.9484529144871247e-10,11,2025-10-06T15:24:47,1
10,5,10.0,2,100000,2,9,2.683797367513949e-10,7,2025-10-06T15:24:47,7
10,5,10.0,2,100000,2,9,1.5618238267590416e-10,4,2025-10-06T15:24:47,3
10,5,10.0,2,100000,2,8,1.620131791714637e-10,11,2025-10-06T15:24:47,8
10,5,10.0,2,100000,2,9,3.4704032495545593e-10,8,2025-10-06T15:24:47,6
10,5,10.0,2,100000,2,9,1.3271925565701733e-10,11,2025-10-06T15:24:47,4
10,5,10.0,2,100000,2,9,2.3364440854939076e-10,10,2025-10-06T15:24:47,9
10,5,10.0,2,100000,2,9,3.377943462683987e-10,8,2025-10-06T15:24:47,8
12,5,10.0,2,100000,2,0,5.396268681186881e-10,5,2025-10-06T15:24:47,3
12,5,10.0,2,100000,2,0,2.2031573237888598e-10,8,2025-10-06T15:24:47,7
12,5,10.0,2,100000,2,0,4.1631550969733986e-10,11,2025-10-06T15:24:47,2
12,5,10.0,2,100000,2,0,6.088821205274858e-10,13,2025-10-06T15:24:47,0
12,5,10.0,2,100000,2,0,4.3317036024123184e-10,14,2025-10-06T15:24:47,1
12,5,10.0,2,100000,2,0,6.84137737528032e-10,11,2025-10-06T15:24:47,5
12,5,10.0,2,100000,2,0,2.3355526779427543e-10,12,2025-10-06T15:24:47,6
12,5,10.0,2,100000,2,1,3.491338573350257e-10,11,2025-10-06T15:24:47,3
12,5,10.0,2,100000,2,0,3.689815001717021e-10,13,2025-10-06T15:24:48,10
12,5,10.0,2,100000,2,0,6.432732763988643e-10,14,2025-10-06T15:24:48,4
12,5,10.0,2,100000,2,0,4.098720254095748e-10,16,2025-10-06T15:24:48,9
12,5,10.0,2,100000,2,1,3.662309163787231e-10,12,2025-10-06T15:24:48,7
12,5,10.0,2,100000,2,0,5.462012026645808e-10,17,2025-10-06T15:24:48,8
12,5,10.0,2,100000,2,1,4.5908816845089955e-10,12,2025-10-06T15:24:48,2
12,5,10.0,2,100000,2,1,5.496691191229021e-10,10,2025-10-06T15:24:48,6
12,5,10.0,2,100000,2,1,5.21740343989443e-10,10,2025-10-06T15:24:48,4
12,5,10.0,2,100000,2,1,5.858710936059104e-10,17,2025-10-06T15:24:48,1
12,5,10.0,2,100000,2,2,6.445520198892626e-10,14,2025-10-06T15:24:48,3
12,5,10.0,2,100000,2,1,7.133132208262836e-10,17,2025-10-06T15:24:48,0
12,5,10.0,2,100000,2,1,8.678295869170066e-10,13,2025-10-06T15:24:48,10
12,5,10.0,2,100000,2,2,2.8926821506665425e-10,8,2025-10-06T15:24:48,2
12,5,10.0,2,100000,2,2,2.014256985477046e-10,6,2025-10-06T15:24:48,6
12,5,10.0,2,100000,2,1,6.024271559545753e-10,17,2025-10-06T15:24:48,5
12,5,10.0,2,100000,2,1,4.785880764564227e-10,14,2025-10-06T15:24:48,9
12,5,10.0,2,100000,2,2,4.599660409606332e-10,13,2025-10-06T15:24:48,7
12,5,10.0,2,100000,2,1,6.671529503158712e-10,15,2025-10-06T15:24:48,8
12,5,10.0,2,100000,2,2,5.976220203989017e-10,13,2025-10-06T15:24:48,1
12,5,10.0,2,100000,2,2,2.1489511311905747e-10,10,2025-10-06T15:24:48,0
12,5,10.0,2,100000,2,2,3.501656543834296e-10,14,2025-10-06T15:24:48,4
12,5,10.0,2,100000,2,3,5.937220223431255e-10,13,2025-10-06T15:24:48,2
12,5,10.0,2,100000,2,2,1.7706470064243712e-10,15,2025-10-06T15:24:48,10
12,5,10.0,2,100000,2,2,1.0069503165808536e-09,11,2025-10-06T15:24:48,9
12,5,10.0,2,100000,2,3,4.745626266470872e-10,13,2025-10-06T15:24:48,7
12,5,10.0,2,100000,2,3,6.591753595353468e-10,16,2025-10-06T15:24:48,6
12,5,10.0,2,100000,2,3,7.148145407868609e-10,16,2025-10-06T15:24:48,3
12,5,10.0,2,100000,2,2,3.78384626876253e-10,15,2025-10-06T15:24:48,5
12,5,10.0,2,100000,2,2,3.4503031095237335e-10,12,2025-10-06T15:24:48,8
12,5,10.0,2,100000,2,3,2.0425802681565415e-10,12,2025-10-06T15:24:48,1
12,5,10.0,2,100000,2,3,5.266380409215593e-10,12,2025-10-06T15:24:48,4
12,5,10.0,2,100000,2,3,3.867296113979636e-10,15,2025-10-06T15:24:48,0
12,5,10.0,2,100000,2,4,4.66765308547107e-10,14,2025-10-06T15:24:48,2
12,5,10.0,2,100000,2,3,3.5372407462301787e-10,12,2025-10-06T15:24:48,9
12,5,10.0,2,100000,2,4,4.933028161268575e-10,12,2025-10-06T15:24:48,6
12,5,10.0,2,100000,2,4,1.969594016820769e-10,12,2025-10-06T15:24:48,3
12,5,10.0,2,100000,2,3,3.0092008357447534e-10,14,2025-10-06T15:24:48,10
12,5,10.0,2,100000,2,4,3.1085431996138884e-10,7,2025-10-06T15:24:48,1
12,5,10.0,2,100000,2,3,4.1485684045526417e-10,13,2025-10-06T15:24:48,5
12,5,10.0,2,100000,2,4,3.639291658414779e-10,16,2025-10-06T15:24:48,7
12,5,10.0,2,100000,2,5,1.840756244570628e-10,8,2025-10-06T15:24:48,2
12,5,10.0,2,100000,2,4,3.689154455595711e-10,11,2025-10-06T15:24:48,4
12,5,10.0,2,100000,2,3,4.179599342068143e-10,16,2025-10-06T15:24:48,8
12,5,10.0,2,100000,2,5,3.8204795542148024e-10,9,2025-10-06T15:24:48,6
12,5,10.0,2,100000,2,4,8.173123212267594e-10,12,2025-10-06T15:24:48,0
12,5,10.0,2,100000,2,4,1.5088648314912156e-10,6,2025-10-06T15:24:48,5
12,5,10.0,2,100000,2,4,7.231188882058738e-10,11,2025-10-06T15:24:49,10
12,5,10.0,2,100000,2,4,8.387057184062917e-10,12,2025-10-06T15:24:49,9
12,5,10.0,2,100000,2,5,2.73419629058656e-10,9,2025-10-06T15:24:49,7
12,5,10.0,2,100000,2,5,4.268583586649502e-10,14,2025-10-06T15:24:49,3
12,5,10.0,2,100000,2,5,2.506569568744651e-10,14,2025-10-06T15:24:49,1
12,5,10.0,2,100000,2,5,2.6090930167339984e-10,9,2025-10-06T15:24:49,4
12,5,10.0,2,100000,2,6,2.92474983213011e-10,11,2025-10-06T15:24:49,2
12,5,10.0,2,100000,2,5,6.481909526052605e-10,11,2025-10-06T15:24:49,0
12,5,10.0,2,100000,2,5,3.6209376391328946e-10,11,2025-10-06T15:24:49,5
12,5,10.0,2,100000,2,6,6.134366505630729e-10,13,2025-10-06T15:24:49,6
12,5,10.0,2,100000,2,6,3.6640555104025883e-10,7,2025-10-06T15:24:49,3
12,5,10.0,2,100000,2,4,4.3277420930159014e-10,14,2025-10-06T15:24:49,8
12,5,10.0,2,100000,2,6,3.405590027726384e-10,11,2025-10-06T15:24:49,7
12,5,10.0,2,100000,2,5,2.1095462654329445e-10,13,2025-10-06T15:24:49,9
12,5,10.0,2,100000,2,6,4.480286359224844e-10,9,2025-10-06T15:24:49,1
12,5,10.0,2,100000,2,5,5.897672109119997e-10,15,2025-10-06T15:24:49,10
12,5,10.0,2,100000,2,6,4.57340128752885e-10,11,2025-10-06T15:24:49,0
12,5,10.0,2,100000,2,6,4.139634825911431e-10,12,2025-10-06T15:24:49,4
12,5,10.0,2,100000,2,7,1.728114384259109e-10,14,2025-10-06T15:24:49,2
12,5,10.0,2,100000,2,7,7.156071267116982e-10,9,2025-10-06T15:24:49,3
12,5,10.0,2,100000,2,7,5.787805909015166e-10,11,2025-10-06T15:24:49,6
12,5,10.0,2,100000,2,5,3.138670605603031e-10,10,2025-10-06T15:24:49,8
12,5,10.0,2,100000,2,7,5.018309249441099e-10,10,2025-10-06T15:24:49,1
12,5,10.0,2,100000,2,7,6.639988527043402e-10,13,2025-10-06T15:24:49,7
12,5,10.0,2,100000,2,6,2.8452866839077153e-10,13,2025-10-06T15:24:49,9
12,5,10.0,2,100000,2,7,3.1882661621622024e-10,9,2025-10-06T15:24:49,0
12,5,10.0,2,100000,2,8,1.7224067710645782e-10,7,2025-10-06T15:24:49,3
12,5,10.0,2,100000,2,6,4.2988441252485665e-10,20,2025-10-06T15:24:49,5
12,5,10.0,2,100000,2,8,2.073809117072714e-10,6,2025-10-06T15:24:49,1
12,5,10.0,2,100000,2,6,3.9072991058556707e-10,15,2025-10-06T15:24:49,10
12,5,10.0,2,100000,2,7,9.943908983528375e-10,12,2025-10-06T15:24:49,4
12,5,10.0,2,100000,2,6,7.226301983811464e-10,11,2025-10-06T15:24:49,8
12,5,10.0,2,100000,2,8,4.678485152561755e-10,12,2025-10-06T15:24:49,2
12,5,10.0,2,100000,2,8,3.4292748459312044e-10,8,2025-10-06T15:24:49,0
12,5,10.0,2,100000,2,8,7.913131316600905e-10,14,2025-10-06T15:24:49,6
12,5,10.0,2,100000,2,8,5.098795577687863e-10,10,2025-10-06T15:24:49,7
12,5,10.0,2,100000,2,7,4.552470708196009e-10,13,2025-10-06T15:24:49,9
12,5,10.0,2,100000,2,7,4.878556164844745e-10,11,2025-10-06T15:24:49,5
12,5,10.0,2,100000,2,9,2.1428424644430408e-10,13,2025-10-06T15:24:49,3
12,5,10.0,2,100000,2,9,3.7735599607995855e-10,7,2025-10-06T15:24:49,0
12,5,10.0,2,100000,2,7,2.9191585725880774e-10,11,2025-10-06T15:24:49,8
12,5,10.0,2,100000,2,8,4.663027803578235e-10,13,2025-10-06T15:24:49,4
12,5,10.0,2,100000,2,9,6.79402941968928e-10,17,2025-10-06T15:24:49,1
12,5,10.0,2,100000,2,8,4.43838561392393e-10,7,2025-10-06T15:24:49,5
12,5,10.0,2,100000,2,9,2.9016226146978636e-10,10,2025-10-06T15:24:49,7
12,5,10.0,2,100000,2,9,2.553079789877098e-10,14,2025-10-06T15:24:49,2
12,5,10.0,2,100000,2,8,3.098145260355677e-10,10,2025-10-06T15:24:49,9
12,5,10.0,2,100000,2,7,4.950883536046063e-10,16,2025-10-06T15:24:49,10
12,5,10.0,2,100000,2,9,4.899170184965169e-10,17,2025-10-06T15:24:49,6
12,5,10.0,2,100000,2,9,3.564515840962409e-10,13,2025-10-06T15:24:50,4
12,5,10.0,2,100000,2,8,3.2678704228738674e-10,10,2025-10-06T15:24:50,10
12,5,10.0,2,100000,2,9,6.082561969774356e-10,13,2025-10-06T15:24:50,5
12,5,10.0,2,100000,2,8,7.476694091388453e-10,17,2025-10-06T15:24:50,8
12,5,10.0,2,100000,2,9,4.148572593906136e-10,14,2025-10-06T15:24:50,9
12,5,10.0,2,100000,2,9,3.635521800027019e-10,5,2025-10-06T15:24:50,10
12,5,10.0,2,100000,2,9,2.792446092826591e-10,4,2025-10-06T15:24:50,8
14,5,10.0,2,100000,2,0,4.0318594638513664e-10,11,2025-10-06T15:24:50,0
14,5,10.0,2,100000,2,0,8.77245275296887e-10,13,2025-10-06T15:24:51,5
14,5,10.0,2,100000,2,0,5.480627727199667e-10,12,2025-10-06T15:24:51,2
14,5,10.0,2,100000,2,0,5.259127348120712e-10,11,2025-10-06T15:24:51,9
14,5,10.0,2,100000,2,0,8.607906199979961e-10,14,2025-10-06T15:24:51,10
14,5,10.0,2,100000,2,0,3.8355742608702785e-10,12,2025-10-06T15:24:51,6
14,5,10.0,2,100000,2,0,1.399720085031611e-09,17,2025-10-06T15:24:51,3
14,5,10.0,2,100000,2,0,8.631116974800289e-10,16,2025-10-06T15:24:51,1
14,5,10.0,2,100000,2,0,4.305064117959039e-10,16,2025-10-06T15:24:51,8
14,5,10.0,2,100000,2,0,4.658283117024696e-10,15,2025-10-06T15:24:51,7
14,5,10.0,2,100000,2,0,1.889676791326473e-10,16,2025-10-06T15:24:51,4
14,5,10.0,2,100000,2,1,6.08159843768852e-10,10,2025-10-06T15:24:51,0
14,5,10.0,2,100000,2,1,6.377340004305398e-10,11,2025-10-06T15:24:51,5
14,5,10.0,2,100000,2,1,3.0361512285898855e-10,10,2025-10-06T15:24:51,10
14,5,10.0,2,100000,2,1,7.989541647694166e-10,11,2025-10-06T15:24:51,9
14,5,10.0,2,100000,2,1,8.028167295035017e-10,13,2025-10-06T15:24:51,2
14,5,10.0,2,100000,2,1,5.579490290917171e-10,12,2025-10-06T15:24:51,3
14,5,10.0,2,100000,2,1,5.719583599093415e-10,12,2025-10-06T15:24:51,1
14,5,10.0,2,100000,2,1,3.626847182827045e-10,15,2025-10-06T15:24:51,6
14,5,10.0,2,100000,2,1,3.6051791439615084e-10,12,2025-10-06T15:24:51,4
14,5,10.0,2,100000,2,1,3.58299823020944e-10,14,2025-10-06T15:24:51,8
14,5,10.0,2,100000,2,1,5.293901998764499e-10,13,2025-10-06T15:24:51,7
14,5,10.0,2,100000,2,2,4.806775985113804e-10,12,2025-10-06T15:24:51,5
14,5,10.0,2,100000,2,2,4.046218866943676e-10,9,2025-10-06T15:24:52,3
14,5,10.0,2,100000,2,2,7.590881830449061e-10,18,2025-10-06T15:24:52,0
14,5,10.0,2,100000,2,2,5.664567912051609e-10,13,2025-10-06T15:24:52,9
14,5,10.0,2,100000,2,2,6.157361641518367e-10,11,2025-10-06T15:24:52,1
14,5,10.0,2,100000,2,2,4.658903059336802e-10,15,2025-10-06T15:24:52,10
14,5,10.0,2,100000,2,2,9.711093923709068e-10,15,2025-10-06T15:24:52,2
14,5,10.0,2,100000,2,2,9.771598246079634e-10,15,2025-10-06T15:24:52,4
14,5,10.0,2,100000,2,2,9.650184769172047e-10,15,2025-10-06T15:24:52,6
14,5,10.0,2,100000,2,2,1.193792705332292e-09,13,2025-10-06T15:24:52,8
14,5,10.0,2,100000,2,2,5.544616594888866e-10,14,2025-10-06T15:24:52,7
14,5,10.0,2,100000,2,3,3.7579776046080426e-10,10,2025-10-06T15:24:52,5
14,5,10.0,2,100000,2,3,6.873912560635096e-10,8,2025-10-06T15:24:52,9
14,5,10.0,2,100000,2,3,4.4071605865358734e-10,13,2025-10-06T15:24:52,0
14,5,10.0,2,100000,2,3,6.765829623314459e-10,10,2025-10-06T15:24:52,10
14,5,10.0,2,100000,2,3,3.565281922397642e-10,16,2025-10-06T15:24:52,3
14,5,10.0,2,100000,2,3,5.572351935120153e-10,11,2025-10-06T15:24:52,4
14,5,10.0,2,100000,2,3,8.025405667042043e-10,10,2025-10-06T15:24:52,8
14,5,10.0,2,100000,2,3,9.426689168047628e-10,13,2025-10-06T15:24:52,2
14,5,10.0,2,100000,2,3,7.13333524547385e-10,15,2025-10-06T15:24:52,1
14,5,10.0,2,100000,2,4,6.196667095672424e-10,9,2025-10-06T15:24:52,5
14,5,10.0,2,100000,2,4,3.237033085855649e-10,6,2025-10-06T15:24:52,10
14,5,10.0,2,100000,2,3,1.0021646116397485e-09,12,2025-10-06T15:24:52,7
14,5,10.0,2,100000,2,4,3.900343747583096e-10,6,2025-10-06T15:24:53,1
14,5,10.0,2,100000,2,3,5.794721013903717e-10,18,2025-10-06T15:24:53,6
14,5,10.0,2,100000,2,4,8.247551617522251e-10,9,2025-10-06T15:24:53,3
14,5,10.0,2,100000,2,4,9.718316085786449e-10,15,2025-10-06T15:24:53,0
14,5,10.0,2,100000,2,4,3.2689477071175107e-10,13,2025-10-06T15:24:53,4
14,5,10.0,2,100000,2,4,4.0557096992667153e-10,14,2025-10-06T15:24:53,8
14,5,10.0,2,100000,2,4,8.435395534031426e-10,21,2025-10-06T15:24:53,9
14,5,10.0,2,100000,2,4,5.170261880318813e-10,9,2025-10-06T15:24:53,7
14,5,10.0,2,100000,2,5,6.480231172904478e-10,12,2025-10-06T15:24:53,5
14,5,10.0,2,100000,2,5,5.650288826641219e-10,14,2025-10-06T15:24:53,10
14,5,10.0,2,100000,2,4,5.335984186799826e-10,23,2025-10-06T15:24:53,2
14,5,10.0,2,100000,2,5,9.199223034289163e-10,13,2025-10-06T15:24:53,0
14,5,10.0,2,100000,2,5,8.685524952022969e-10,13,2025-10-06T15:24:53,3
14,5,10.0,2,100000,2,5,3.217039455994913e-10,12,2025-10-06T15:24:53,8
14,5,10.0,2,100000,2,5,6.79023347399084e-10,21,2025-10-06T15:24:53,1
14,5,10.0,2,100000,2,5,6.370444905673589e-10,14,2025-10-06T15:24:53,4
14,5,10.0,2,100000,2,4,4.799991790488706e-10,22,2025-10-06T15:24:53,6
14,5,10.0,2,100000,2,5,6.282945083470754e-10,14,2025-10-06T15:24:53,7
14,5,10.0,2,100000,2,6,4.473918571481873e-10,14,2025-10-06T15:24:53,10
14,5,10.0,2,100000,2,6,4.1882040731219155e-10,6,2025-10-06T15:24:54,1
14,5,10.0,2,100000,2,6,1.316409605656634e-09,17,2025-10-06T15:24:54,5
14,5,10.0,2,100000,2,5,6.228630570054855e-10,10,2025-10-06T15:24:54,2
14,5,10.0,2,100000,2,5,3.0491874327049403e-10,6,2025-10-06T15:24:54,6
14,5,10.0,2,100000,2,6,6.511959627711353e-10,8,2025-10-06T15:24:54,4
14,5,10.0,2,100000,2,6,9.679149349567347e-10,11,2025-10-06T15:24:54,3
14,5,10.0,2,100000,2,6,4.6196022501378827e-10,10,2025-10-06T15:24:54,8
14,5,10.0,2,100000,2,6,5.217178530462272e-10,13,2025-10-06T15:24:54,0
14,5,10.0,2,100000,2,5,5.918642815573108e-10,24,2025-10-06T15:24:54,9
14,5,10.0,2,100000,2,7,4.141143194197541e-10,10,2025-10-06T15:24:54,1
14,5,10.0,2,100000,2,7,4.741430223129506e-10,13,2025-10-06T15:24:54,10
14,5,10.0,2,100000,2,7,5.02099424362729e-10,13,2025-10-06T15:24:54,5
14,5,10.0,2,100000,2,7,8.563145574176889e-10,11,2025-10-06T15:24:54,4
14,5,10.0,2,100000,2,7,6.956643452137375e-10,11,2025-10-06T15:24:54,8
14,5,10.0,2,100000,2,6,5.330412232576031e-10,19,2025-10-06T15:24:54,7
14,5,10.0,2,100000,2,6,4.6028923077473054e-10,15,2025-10-06T15:24:54,2
14,5,10.0,2,100000,2,7,6.394527241220347e-10,15,2025-10-06T15:24:54,0
14,5,10.0,2,100000,2,6,1.1107115093585259e-09,18,2025-10-06T15:24:54,6
14,5,10.0,2,100000,2,6,2.2360985256573284e-10,17,2025-10-06T15:24:54,9
14,5,10.0,2,100000,2,8,1.1827780164906281e-09,16,2025-10-06T15:24:55,1
14,5,10.0,2,100000,2,8,5.004552364812483e-10,13,2025-10-06T15:24:55,5
14,5,10.0,2,100000,2,8,9.08088221817598e-10,14,2025-10-06T15:24:55,4
14,5,10.0,2,100000,2,8,2.409195393162771e-10,16,2025-10-06T15:24:55,10
14,5,10.0,2,100000,2,7,6.910506018579272e-10,8,2025-10-06T15:24:55,9
14,5,10.0,2,100000,2,7,7.919291520647848e-10,26,2025-10-06T15:24:55,3
14,5,10.0,2,100000,2,8,1.051625139871911e-09,17,2025-10-06T15:24:55,8
14,5,10.0,2,100000,2,7,5.561206325051032e-10,17,2025-10-06T15:24:55,7
14,5,10.0,2,100000,2,7,5.587954213691963e-10,15,2025-10-06T15:24:55,2
14,5,10.0,2,100000,2,8,7.378480674433035e-10,14,2025-10-06T15:24:55,0
14,5,10.0,2,100000,2,8,2.9280187185866503e-10,8,2025-10-06T15:24:55,3
14,5,10.0,2,100000,2,9,3.497833527556788e-10,11,2025-10-06T15:24:55,5
14,5,10.0,2,100000,2,9,5.883994390638594e-10,13,2025-10-06T15:24:55,4
14,5,10.0,2,100000,2,7,1.5762243747965641e-09,21,2025-10-06T15:24:55,6
14,5,10.0,2,100000,2,8,5.911749064157282e-10,13,2025-10-06T15:24:55,9
14,5,10.0,2,100000,2,9,6.161637628606662e-10,21,2025-10-06T15:24:55,1
14,5,10.0,2,100000,2,9,6.435507596899888e-10,16,2025-10-06T15:24:55,10
14,5,10.0,2,100000,2,9,4.38064085710706e-10,12,2025-10-06T15:24:55,8
14,5,10.0,2,100000,2,8,6.571935879305262e-10,14,2025-10-06T15:24:55,7
14,5,10.0,2,100000,2,8,1.2962021543770163e-09,12,2025-10-06T15:24:56,6
14,5,10.0,2,100000,2,9,6.567752938473011e-10,16,2025-10-06T15:24:56,3
14,5,10.0,2,100000,2,8,6.604333259680328e-10,22,2025-10-06T15:24:56,2
14,5,10.0,2,100000,2,9,5.98789814483811e-10,20,2025-10-06T15:24:56,0
14,5,10.0,2,100000,2,9,6.930262278260608e-10,16,2025-10-06T15:24:56,7
14,5,10.0,2,100000,2,9,1.3557011916267117e-10,9,2025-10-06T15:24:56,6
14,5,10.0,2,100000,2,9,1.3676351780547e-09,23,2025-10-06T15:24:56,9
14,5,10.0,2,100000,2,9,6.283463784871184e-10,18,2025-10-06T15:24:56,2
16,5,10.0,2,100000,2,0,4.495709556855151e-10,9,2025-10-06T15:24:58,4
16,5,10.0,2,100000,2,0,8.68363927502575e-10,16,2025-10-06T15:24:59,2
16,5,10.0,2,100000,2,0,1.1791560581188183e-09,13,2025-10-06T15:25:27,6
16,5,10.0,2,100000,2,0,6.354337785380827e-10,14,2025-10-06T15:25:28,3
16,5,10.0,2,100000,2,1,8.620108949366048e-10,6,2025-10-06T15:25:31,3
16,5,10.0,2,100000,2,0,4.4731106600801906e-10,11,2025-10-06T15:25:34,7
16,5,10.0,2,100000,2,0,8.280669436718116e-10,21,2025-10-06T15:25:36,5
16,5,10.0,2,100000,2,0,7.560645142591733e-10,21,2025-10-06T15:25:37,8
16,5,10.0,2,100000,2,0,1.4366520604947471e-09,22,2025-10-06T15:25:38,1
16,5,10.0,2,100000,2,0,6.962790974281725e-10,16,2025-10-06T15:25:38,10
16,5,10.0,2,100000,2,1,1.2997844389137598e-09,19,2025-10-06T15:25:38,4
16,5,10.0,2,100000,2,0,1.643307668542203e-09,22,2025-10-06T15:25:40,9
16,5,10.0,2,100000,2,1,7.472189908338461e-10,17,2025-10-06T15:25:40,2
16,5,10.0,2,100000,2,0,1.0593834062618583e-09,24,2025-10-06T15:25:41,0
16,5,10.0,2,100000,2,2,6.730507010887979e-10,14,2025-10-06T15:26:03,3
16,5,10.0,2,100000,2,1,2.1969782498571263e-09,19,2025-10-06T15:26:05,6
16,5,10.0,2,100000,2,1,9.023656008261731e-10,16,2025-10-06T15:26:14,7
16,5,10.0,2,100000,2,1,6.725794501713745e-10,11,2025-10-06T15:26:15,5
16,5,10.0,2,100000,2,2,3.433851407704337e-10,11,2025-10-06T15:26:18,4
16,5,10.0,2,100000,2,1,9.55264985978816e-10,17,2025-10-06T15:26:19,8
16,5,10.0,2,100000,2,2,4.853412310276973e-10,9,2025-10-06T15:26:22,2
16,5,10.0,2,100000,2,1,7.635074419309081e-10,13,2025-10-06T15:26:23,1
16,5,10.0,2,100000,2,1,1.073467223192718e-09,14,2025-10-06T15:26:23,10
16,5,10.0,2,100000,2,1,9.214039710074955e-10,15,2025-10-06T15:26:24,9
16,5,10.0,2,100000,2,1,1.07645547201146e-09,22,2025-10-06T15:26:24,0
16,5,10.0,2,100000,2,2,7.944794406708009e-10,11,2025-10-06T15:26:44,6
16,5,10.0,2,100000,2,3,1.355158767877947e-09,18,2025-10-06T15:26:46,3
16,5,10.0,2,100000,2,2,9.733589432125553e-10,19,2025-10-06T15:26:55,7
16,5,10.0,2,100000,2,3,1.3684788972641831e-09,14,2025-10-06T15:26:59,4
16,5,10.0,2,100000,2,2,1.0641356291983513e-09,17,2025-10-06T15:27:01,5
16,5,10.0,2,100000,2,2,3.3973331472444086e-10,16,2025-10-06T15:27:03,8
16,5,10.0,2,100000,2,2,6.995213117769346e-10,14,2025-10-06T15:27:06,9
16,5,10.0,2,100000,2,2,1.0265119612624592e-09,13,2025-10-06T15:27:07,10
16,5,10.0,2,100000,2,3,9.211843568011642e-10,15,2025-10-06T15:27:07,2
16,5,10.0,2,100000,2,2,1.484137992972516e-09,16,2025-10-06T15:27:07,1
16,5,10.0,2,100000,2,2,7.865179645289609e-10,12,2025-10-06T15:27:08,0
16,5,10.0,2,100000,2,3,9.830645321642985e-10,14,2025-10-06T15:27:13,1
16,5,10.0,2,100000,2,3,1.8241659103760846e-09,17,2025-10-06T15:27:26,6
16,5,10.0,2,100000,2,4,1.8802624123004195e-09,20,2025-10-06T15:27:31,3
16,5,10.0,2,100000,2,3,1.0463933728298195e-09,15,2025-10-06T15:27:35,7
16,5,10.0,2,100000,2,4,7.386323187951702e-10,14,2025-10-06T15:27:41,4
16,5,10.0,2,100000,2,3,1.3830584883393682e-09,14,2025-10-06T15:27:44,5
16,5,10.0,2,100000,2,3,1.036356476065287e-09,17,2025-10-06T15:27:49,9
16,5,10.0,2,100000,2,3,1.3793343368171392e-09,12,2025-10-06T15:27:49,8
16,5,10.0,2,100000,2,4,9.329390364423644e-10,19,2025-10-06T15:27:50,2
16,5,10.0,2,100000,2,3,1.1398615085738423e-09,14,2025-10-06T15:27:50,0
16,5,10.0,2,100000,2,3,1.4148694962724284e-09,20,2025-10-06T15:27:52,10
16,5,10.0,2,100000,2,4,1.0848469567280366e-09,18,2025-10-06T15:27:57,1
16,5,10.0,2,100000,2,4,1.3446745692820663e-09,13,2025-10-06T15:28:01,6
16,5,10.0,2,100000,2,5,1.1486588891814449e-09,18,2025-10-06T15:28:10,3
16,5,10.0,2,100000,2,4,1.0059839385151654e-09,14,2025-10-06T15:28:15,7
16,5,10.0,2,100000,2,4,9.533887515661372e-10,9,2025-10-06T15:28:22,5
16,5,10.0,2,100000,2,5,9.21235563979118e-10,23,2025-10-06T15:28:27,4
16,5,10.0,2,100000,2,4,5.866909266299795e-10,13,2025-10-06T15:28:30,9
16,5,10.0,2,100000,2,4,8.112650568764162e-10,27,2025-10-06T15:28:35,8
16,5,10.0,2,100000,2,4,8.737081113069851e-10,20,2025-10-06T15:28:36,0
16,5,10.0,2,100000,2,5,8.364014744494082e-10,19,2025-10-06T15:28:37,2
16,5,10.0,2,100000,2,5,7.810482571336946e-10,13,2025-10-06T15:28:38,1
16,5,10.0,2,100000,2,4,7.342767953359073e-10,21,2025-10-06T15:28:38,10
16,5,10.0,2,100000,2,5,9.348884815601614e-10,11,2025-10-06T15:28:43,6
16,5,10.0,2,100000,2,6,1.248162623833785e-09,16,2025-10-06T15:28:48,3
16,5,10.0,2,100000,2,5,1.0169733978822273e-09,17,2025-10-06T15:28:52,7
16,5,10.0,2,100000,2,5,1.0824453425288459e-09,16,2025-10-06T15:28:57,5
16,5,10.0,2,100000,2,6,1.0550536700151771e-09,14,2025-10-06T15:28:59,4
16,5,10.0,2,100000,2,5,1.0196100633321956e-09,19,2025-10-06T15:29:03,9
16,5,10.0,2,100000,2,5,8.003226051904949e-10,15,2025-10-06T15:29:05,0
16,5,10.0,2,100000,2,5,7.223431744794164e-10,15,2025-10-06T15:29:06,8
16,5,10.0,2,100000,2,6,1.835716874513081e-09,18,2025-10-06T15:29:06,2
16,5,10.0,2,100000,2,6,8.88879086362124e-10,17,2025-10-06T15:29:07,1
16,5,10.0,2,100000,2,5,8.121085608066584e-10,20,2025-10-06T15:29:08,10
16,5,10.0,2,100000,2,6,1.64108636853779e-09,21,2025-10-06T15:29:12,6
16,5,10.0,2,100000,2,7,5.163312964018686e-10,13,2025-10-06T15:29:13,3
16,5,10.0,2,100000,2,6,4.1702855864601737e-10,13,2025-10-06T15:29:16,7
16,5,10.0,2,100000,2,6,7.684653552039517e-10,12,2025-10-06T15:29:22,5
16,5,10.0,2,100000,2,7,5.078055130961957e-10,12,2025-10-06T15:29:23,4
16,5,10.0,2,100000,2,6,4.482643243164496e-10,9,2025-10-06T15:29:30,0
16,5,10.0,2,100000,2,6,7.518896728074553e-10,16,2025-10-06T15:29:30,9
16,5,10.0,2,100000,2,6,9.66344099638863e-10,13,2025-10-06T15:29:34,10
16,5,10.0,2,100000,2,6,6.531510270526115e-10,18,2025-10-06T15:29:34,8
16,5,10.0,2,100000,2,7,4.721899703695492e-10,12,2025-10-06T15:29:34,1
16,5,10.0,2,100000,2,7,1.027941456205083e-09,14,2025-10-06T15:29:35,2
16,5,10.0,2,100000,2,8,9.74898686240191e-10,13,2025-10-06T15:29:38,3
16,5,10.0,2,100000,2,7,8.663536930854731e-10,12,2025-10-06T15:29:40,7
16,5,10.0,2,100000,2,7,9.111407226088245e-10,18,2025-10-06T15:29:40,6
16,5,10.0,2,100000,2,7,1.1096555494659272e-09,18,2025-10-06T15:29:46,5
16,5,10.0,2,100000,2,8,1.0211966012193797e-09,21,2025-10-06T15:29:47,4
16,5,10.0,2,100000,2,7,1.1688053057524356e-09,13,2025-10-06T15:29:53,0
16,5,10.0,2,100000,2,7,8.482156458368184e-10,24,2025-10-06T15:29:59,9
16,5,10.0,2,100000,2,7,1.1180251009408909e-09,13,2025-10-06T15:30:00,8
16,5,10.0,2,100000,2,8,6.176441363943956e-10,13,2025-10-06T15:30:01,2
16,5,10.0,2,100000,2,8,5.586606953341659e-10,13,2025-10-06T15:30:02,1
16,5,10.0,2,100000,2,7,5.796568541029883e-10,19,2025-10-06T15:30:02,10
16,5,10.0,2,100000,2,9,1.0176790809442903e-09,16,2025-10-06T15:30:05,3
16,5,10.0,2,100000,2,8,5.056274737682312e-10,16,2025-10-06T15:30:07,7
16,5,10.0,2,100000,2,8,1.049855370467925e-09,17,2025-10-06T15:30:08,6
16,5,10.0,2,100000,2,9,1.3579260792005541e-09,10,2025-10-06T15:30:09,4
16,5,10.0,2,100000,2,8,9.810684813346094e-10,17,2025-10-06T15:30:11,5
16,5,10.0,2,100000,2,9,6.134923133567508e-10,8,2025-10-06T15:30:11,6
16,5,10.0,2,100000,2,8,1.019303514639237e-09,17,2025-10-06T15:30:16,0
16,5,10.0,2,100000,2,8,1.170524620277073e-09,12,2025-10-06T15:30:18,9
16,5,10.0,2,100000,2,9,4.557590029198169e-10,11,2025-10-06T15:30:19,1
16,5,10.0,2,100000,2,9,9.670853465570032e-10,13,2025-10-06T15:30:21,2
16,5,10.0,2,100000,2,8,6.451854200158964e-10,19,2025-10-06T15:30:21,8
16,5,10.0,2,100000,2,8,1.214484035846614e-09,16,2025-10-06T15:30:21,10
16,5,10.0,2,100000,2,9,1.2302345802656291e-09,15,2025-10-06T15:30:23,5
16,5,10.0,2,100000,2,9,1.1060166741379627e-09,20,2025-10-06T15:30:23,7
16,5,10.0,2,100000,2,9,6.213144894766535e-10,12,2025-10-06T15:30:23,0
16,5,10.0,2,100000,2,9,8.979814246418893e-10,19,2025-10-06T15:30:24,9
16,5,10.0,2,100000,2,9,8.656199332176381e-10,16,2025-10-06T15:30:24,8
16,5,10.0,2,100000,2,9,1.3296226539499128e-09,17,2025-10-06T15:30:24,10
18,5,10.0,2,100000,2,0,1.2213925039642073e-09,11,2025-10-06T15:33:11,9
18,5,10.0,2,100000,2,0,9.800633296576121e-10,15,2025-10-06T15:33:38,8
18,5,10.0,2,100000,2,0,1.4578638007497498e-09,21,2025-10-06T15:33:56,10
18,5,10.0,2,100000,2,0,1.2786912165735943e-09,19,2025-10-06T15:33:58,0
18,5,10.0,2,100000,2,0,1.0000059398883145e-09,20,2025-10-06T15:34:00,7
18,5,10.0,2,100000,2,0,1.1439611717114705e-09,15,2025-10-06T15:34:00,3
18,5,10.0,2,100000,2,0,7.618409942186351e-10,25,2025-10-06T15:34:00,6
18,5,10.0,2,100000,2,0,1.7512561659981917e-09,17,2025-10-06T15:34:01,4
18,5,10.0,2,100000,2,0,2.467140311479828e-09,16,2025-10-06T15:34:01,1
18,5,10.0,2,100000,2,0,1.9958794075198197e-09,22,2025-10-06T15:34:01,5
18,5,10.0,2,100000,2,0,1.7171930081580387e-09,21,2025-10-06T15:34:02,2
18,5,10.0,2,100000,2,1,1.227168467832188e-09,19,2025-10-06T15:35:12,9
18,5,10.0,2,100000,2,1,2.752041326419627e-09,20,2025-10-06T15:36:45,8
18,5,10.0,2,100000,2,1,7.781157514251361e-10,10,2025-10-06T15:37:07,10
18,5,10.0,2,100000,2,1,1.3310180673724299e-09,15,2025-10-06T15:37:20,0
18,5,10.0,2,100000,2,1,2.59306237660262e-09,21,2025-10-06T15:37:34,1
18,5,10.0,2,100000,2,1,1.5235989285909257e-09,16,2025-10-06T15:37:34,5
18,5,10.0,2,100000,2,1,2.011420247986538e-09,20,2025-10-06T15:37:35,3
18,5,10.0,2,100000,2,1,9.295807090732668e-10,16,2025-10-06T15:37:37,2
18,5,10.0,2,100000,2,1,6.179854242336744e-10,20,2025-10-06T15:37:37,7
18,5,10.0,2,100000,2,1,1.1910595321848599e-09,27,2025-10-06T15:37:39,6
18,5,10.0,2,100000,2,1,1.50827466222798e-09,24,2025-10-06T15:37:40,4
18,5,10.0,2,100000,2,2,1.0307480159883383e-09,18,2025-10-06T15:38:09,9
18,5,10.0,2,100000,2,2,1.633024553300545e-09,23,2025-10-06T15:40:04,8
18,5,10.0,2,100000,2,2,1.0635334647618708e-09,14,2025-10-06T15:40:25,10
18,5,10.0,2,100000,2,2,1.3682494144167896e-09,17,2025-10-06T15:40:42,0
18,5,10.0,2,100000,2,2,1.1750511813175394e-09,13,2025-10-06T15:41:02,7
18,5,10.0,2,100000,2,2,1.622545790660239e-09,14,2025-10-06T15:41:04,3
18,5,10.0,2,100000,2,2,7.087521078728483e-10,18,2025-10-06T15:41:09,1
18,5,10.0,2,100000,2,2,1.810100615034847e-09,16,2025-10-06T15:41:14,2
18,5,10.0,2,100000,2,2,1.5573494601341888e-09,15,2025-10-06T15:41:17,4
18,5,10.0,2,100000,2,2,3.0890352517681106e-09,25,2025-10-06T15:41:18,5
18,5,10.0,2,100000,2,2,1.605567715241022e-09,19,2025-10-06T15:41:18,6
18,5,10.0,2,100000,2,3,3.3995226250387086e-09,26,2025-10-06T15:41:42,9
18,5,10.0,2,100000,2,4,6.844052328008547e-10,9,2025-10-06T15:42:52,9
18,5,10.0,2,100000,2,3,9.35607622665898e-10,16,2025-10-06T15:43:11,8
18,5,10.0,2,100000,2,3,1.589223519512509e-09,19,2025-10-06T15:43:42,10
18,5,10.0,2,100000,2,3,1.7032394784758707e-09,23,2025-10-06T15:44:03,0
18,5,10.0,2,100000,2,3,9.821901277492859e-10,12,2025-10-06T15:44:16,7
18,5,10.0,2,100000,2,3,1.82331388936143e-09,20,2025-10-06T15:44:35,3
18,5,10.0,2,100000,2,3,3.433691300927236e-09,24,2025-10-06T15:44:51,1
18,5,10.0,2,100000,2,3,1.884914719375426e-09,16,2025-10-06T15:44:52,4
18,5,10.0,2,100000,2,3,1.8299966091568938e-09,20,2025-10-06T15:44:53,5
18,5,10.0,2,100000,2,3,1.435564329105952e-09,20,2025-10-06T15:44:54,2
18,5,10.0,2,100000,2,3,1.2096152410174647e-09,18,2025-10-06T15:44:56,6
18,5,10.0,2,100000,2,5,2.0168874623611853e-09,22,2025-10-06T15:46:12,9
18,5,10.0,2,100000,2,4,1.2436720740961467e-09,14,2025-10-06T15:46:22,8
18,5,10.0,2,100000,2,4,1.673020209046568e-09,14,2025-10-06T15:46:56,10
18,5,10.0,2,100000,2,4,1.8317556706245162e-09,23,2025-10-06T15:47:42,0
18,5,10.0,2,100000,2,4,1.2610147054192626e-09,14,2025-10-06T15:47:44,7
18,5,10.0,2,100000,2,4,2.0426988907458057e-09,19,2025-10-06T15:48:06,3
18,5,10.0,2,100000,2,4,1.5013605149112958e-09,16,2025-10-06T15:48:29,5
18,5,10.0,2,100000,2,4,1.1314759964105952e-09,23,2025-10-06T15:48:30,1
18,5,10.0,2,100000,2,4,2.795352366955904e-09,19,2025-10-06T15:48:35,2
18,5,10.0,2,100000,2,4,1.793515416067808e-09,31,2025-10-06T15:48:37,4
18,5,10.0,2,100000,2,4,2.0936999414650627e-09,18,2025-10-06T15:48:37,6
18,5,10.0,2,100000,2,6,9.225232249001858e-10,17,2025-10-06T15:49:43,9
18,5,10.0,2,100000,2,5,1.9093058576662216e-09,18,2025-10-06T15:49:55,8
18,5,10.0,2,100000,2,5,2.4070670390739995e-09,22,2025-10-06T15:50:32,10
18,5,10.0,2,100000,2,5,1.1299705301353948e-09,15,2025-10-06T15:51:02,0
18,5,10.0,2,100000,2,5,1.1807844832916807e-09,15,2025-10-06T15:51:10,7
18,5,10.0,2,100000,2,5,1.239051146023364e-09,13,2025-10-06T15:51:36,3
18,5,10.0,2,100000,2,5,9.273611198980059e-10,15,2025-10-06T15:51:58,5
18,5,10.0,2,100000,2,5,1.745556808930445e-09,17,2025-10-06T15:52:04,1
18,5,10.0,2,100000,2,5,1.3331885178768712e-09,10,2025-10-06T15:52:05,2
18,5,10.0,2,100000,2,5,1.3411996063096545e-09,17,2025-10-06T15:52:12,4
18,5,10.0,2,100000,2,5,1.2936389132367234e-09,21,2025-10-06T15:52:16,6
18,5,10.0,2,100000,2,7,1.1475380516336159e-09,21,2025-10-06T15:53:08,9
18,5,10.0,2,100000,2,6,1.298993641998648e-09,20,2025-10-06T15:53:20,8
18,5,10.0,2,100000,2,6,1.2901918697622438e-09,22,2025-10-06T15:54:04,10
18,5,10.0,2,100000,2,6,1.2921329381887882e-09,21,2025-10-06T15:54:34,0
18,5,10.0,2,100000,2,6,9.019616684892047e-10,15,2025-10-06T15:54:37,7
18,5,10.0,2,100000,2,6,1.6437039892636972e-09,24,2025-10-06T15:55:26,3
18,5,10.0,2,100000,2,6,1.650855422325892e-09,13,2025-10-06T15:55:41,2
18,5,10.0,2,100000,2,6,1.3006613898890318e-09,18,2025-10-06T15:55:44,1
18,5,10.0,2,100000,2,6,8.360772961998562e-10,16,2025-10-06T15:55:46,4
18,5,10.0,2,100000,2,6,2.044084827463184e-09,27,2025-10-06T15:55:49,5
18,5,10.0,2,100000,2,6,1.7422712608007605e-09,17,2025-10-06T15:55:56,6
18,5,10.0,2,100000,2,7,9.205283137574634e-10,10,2025-10-06T15:56:39,4
18,5,10.0,2,100000,2,7,1.7236065920442242e-09,18,2025-10-06T15:56:46,8
18,5,10.0,2,100000,2,8,1.3067577080969348e-09,17,2025-10-06T15:56:48,9
18,5,10.0,2,100000,2,7,1.2068499399352617e-09,22,2025-10-06T15:57:37,10
18,5,10.0,2,100000,2,7,1.046757964442256e-09,18,2025-10-06T15:58:02,0
18,5,10.0,2,100000,2,7,1.3818678877833946e-09,15,2025-10-06T15:58:02,7
18,5,10.0,2,100000,2,7,9.060507558138748e-10,13,2025-10-06T15:59:20,1
18,5,10.0,2,100000,2,7,1.9158967120939887e-09,27,2025-10-06T15:59:23,3
18,5,10.0,2,100000,2,7,1.6833379033824419e-09,21,2025-10-06T15:59:25,2
18,5,10.0,2,100000,2,7,1.6591969426585935e-09,21,2025-10-06T15:59:30,5
18,5,10.0,2,100000,2,7,1.988276769249384e-09,15,2025-10-06T15:59:32,6
18,5,10.0,2,100000,2,8,1.0470470537296893e-09,9,2025-10-06T16:00:09,2
18,5,10.0,2,100000,2,8,1.89575142105431e-09,15,2025-10-06T16:00:09,8
18,5,10.0,2,100000,2,9,9.512870278511592e-10,17,2025-10-06T16:00:09,9
18,5,10.0,2,100000,2,8,1.486025348683951e-09,31,2025-10-06T16:00:10,4
18,5,10.0,2,100000,2,8,1.3758469683028633e-09,11,2025-10-06T16:00:12,10
18,5,10.0,2,100000,2,8,7.811922171072953e-10,13,2025-10-06T16:00:13,0
18,5,10.0,2,100000,2,8,8.210224019410575e-10,14,2025-10-06T16:00:13,7
18,5,10.0,2,100000,2,8,1.9854037620894462e-09,20,2025-10-06T16:00:26,3
18,5,10.0,2,100000,2,8,1.3768000502279826e-09,15,2025-10-06T16:00:27,5
18,5,10.0,2,100000,2,8,1.525945737299009e-09,25,2025-10-06T16:00:27,1
18,5,10.0,2,100000,2,8,1.009368865292352e-09,21,2025-10-06T16:00:28,6
18,5,10.0,2,100000,2,9,2.074168706386248e-09,19,2025-10-06T16:00:49,8
18,5,10.0,2,100000,2,9,5.896006873527573e-10,20,2025-10-06T16:00:54,2
18,5,10.0,2,100000,2,9,6.891546271937471e-10,18,2025-10-06T16:00:55,4
18,5,10.0,2,100000,2,9,9.31873231650211e-10,17,2025-10-06T16:00:59,10
18,5,10.0,2,100000,2,9,9.273677524459388e-10,16,2025-10-06T16:00:59,7
18,5,10.0,2,100000,2,9,1.5125405435724933e-09,17,2025-10-06T16:01:00,0
18,5,10.0,2,100000,2,9,1.1467189001550854e-09,18,2025-10-06T16:01:06,5
18,5,10.0,2,100000,2,9,1.3333714905244688e-09,22,2025-10-06T16:01:06,3
18,5,10.0,2,100000,2,9,1.7929367332337314e-09,20,2025-10-06T16:01:06,1
18,5,10.0,2,100000,2,9,6.754597897363247e-10,19,2025-10-06T16:01:06,6
