n,k,t,l,r,p,rep,norm,active_count,timestamp,worker
6,2,10.0,2,100000,2,0,4.013416429601472e-11,2,2025-10-06T13:02:41,5
6,2,10.0,2,100000,2,0,1.562209618409776e-09,3,2025-10-06T13:02:41,10
6,2,10.0,2,100000,2,0,3.281978146856619e-09,5,2025-10-06T13:02:41,9
6,2,10.0,2,100000,2,0,9.536185623211486e-11,4,2025-10-06T13:02:41,2
6,2,10.0,2,100000,2,0,1.2094344326354244e-09,5,2025-10-06T13:02:41,0
6,2,10.0,2,100000,2,0,3.781623663439042e-09,5,2025-10-06T13:02:41,6
6,2,10.0,2,100000,2,0,5.356120119584879e-09,5,2025-10-06T13:02:41,1
6,2,10.0,2,100000,2,0,8.271141443080773e-10,5,2025-10-06T13:02:41,3
6,2,10.0,2,100000,2,0,2.1375294356196234e-09,7,2025-10-06T13:02:41,8
6,2,10.0,2,100000,2,0,3.826722591953589e-09,8,2025-10-06T13:02:41,7
6,2,10.0,2,100000,2,1,3.3251113159358603e-10,5,2025-10-06T13:02:41,10
6,2,10.0,2,100000,2,0,5.065241248346985e-09,8,2025-10-06T13:02:41,4
6,2,10.0,2,100000,2,1,1.7869286990346853e-09,6,2025-10-06T13:02:41,9
6,2,10.0,2,100000,2,1,3.208730577555379e-10,7,2025-10-06T13:02:41,5
6,2,10.0,2,100000,2,1,2.086164313556985e-09,7,2025-10-06T13:02:41,6
6,2,10.0,2,100000,2,1,1.5789830075462407e-09,9,2025-10-06T13:02:41,2
6,2,10.0,2,100000,2,1,1.1041526345567404e-09,6,2025-10-06T13:02:41,3
6,2,10.0,2,100000,2,1,5.322513196072854e-10,8,2025-10-06T13:02:41,1
6,2,10.0,2,100000,2,1,5.149550382156264e-10,8,2025-10-06T13:02:41,8
6,2,10.0,2,100000,2,1,6.96945152204772e-09,7,2025-10-06T13:02:41,0
6,2,10.0,2,100000,2,1,2.1890005864433266e-09,4,2025-10-06T13:02:41,7
6,2,10.0,2,100000,2,1,3.938058531407215e-10,4,2025-10-06T13:02:41,4
6,2,10.0,2,100000,2,2,2.2407541462853418e-09,7,2025-10-06T13:02:41,10
6,2,10.0,2,100000,2,2,1.5215803669816302e-09,6,2025-10-06T13:02:41,9
6,2,10.0,2,100000,2,2,6.489955876948649e-09,6,2025-10-06T13:02:41,2
6,2,10.0,2,100000,2,2,2.5735816395444398e-09,6,2025-10-06T13:02:41,3
6,2,10.0,2,100000,2,2,5.202953787423171e-09,5,2025-10-06T13:02:41,5
6,2,10.0,2,100000,2,2,5.966318025675867e-10,4,2025-10-06T13:02:41,6
6,2,10.0,2,100000,2,2,1.4266955407399875e-10,4,2025-10-06T13:02:41,1
6,2,10.0,2,100000,2,2,5.653577817702475e-11,4,2025-10-06T13:02:41,0
6,2,10.0,2,100000,2,2,1.9081097267143325e-09,6,2025-10-06T13:02:41,8
6,2,10.0,2,100000,2,2,6.537699036674581e-11,2,2025-10-06T13:02:41,4
6,2,10.0,2,100000,2,3,2.3933012958501134e-09,5,2025-10-06T13:02:41,10
6,2,10.0,2,100000,2,2,2.1017863294511793e-09,5,2025-10-06T13:02:41,7
6,2,10.0,2,100000,2,3,8.676998399609165e-11,3,2025-10-06T13:02:41,4
6,2,10.0,2,100000,2,3,1.369093393363525e-10,3,2025-10-06T13:02:41,0
6,2,10.0,2,100000,2,3,1.2085877527183855e-09,5,2025-10-06T13:02:41,9
6,2,10.0,2,100000,2,3,1.220890742192001e-09,6,2025-10-06T13:02:41,6
6,2,10.0,2,100000,2,3,2.27491298075324e-09,9,2025-10-06T13:02:41,3
6,2,10.0,2,100000,2,3,7.306161869866191e-09,5,2025-10-06T13:02:41,1
6,2,10.0,2,100000,2,3,5.648053484117038e-10,5,2025-10-06T13:02:41,5
6,2,10.0,2,100000,2,3,3.84482801671716e-09,8,2025-10-06T13:02:41,8
6,2,10.0,2,100000,2,3,1.1344539345467274e-09,6,2025-10-06T13:02:41,2
6,2,10.0,2,100000,2,4,7.076857232858893e-09,8,2025-10-06T13:02:41,10
6,2,10.0,2,100000,2,4,3.365960793228329e-10,7,2025-10-06T13:02:41,4
6,2,10.0,2,100000,2,4,1.284841153380149e-09,4,2025-10-06T13:02:41,0
6,2,10.0,2,100000,2,4,2.3374207522227354e-09,4,2025-10-06T13:02:41,5
6,2,10.0,2,100000,2,4,1.5928948966524902e-09,6,2025-10-06T13:02:41,9
6,2,10.0,2,100000,2,4,2.9210470815094725e-09,6,2025-10-06T13:02:41,6
6,2,10.0,2,100000,2,4,3.82882522265364e-09,6,2025-10-06T13:02:41,3
6,2,10.0,2,100000,2,3,7.384635512976949e-09,11,2025-10-06T13:02:41,7
6,2,10.0,2,100000,2,5,1.165152627051856e-09,5,2025-10-06T13:02:41,4
6,2,10.0,2,100000,2,5,4.66166005633468e-10,7,2025-10-06T13:02:41,0
6,2,10.0,2,100000,2,5,3.3527059193983276e-09,5,2025-10-06T13:02:41,6
6,2,10.0,2,100000,2,5,2.0022707369150716e-09,5,2025-10-06T13:02:41,9
6,2,10.0,2,100000,2,4,1.28680468525832e-10,5,2025-10-06T13:02:41,1
6,2,10.0,2,100000,2,4,1.2167741640884978e-10,6,2025-10-06T13:02:41,8
6,2,10.0,2,100000,2,6,8.025556154064056e-10,11,2025-10-06T13:02:41,4
6,2,10.0,2,100000,2,5,8.501369502865826e-11,5,2025-10-06T13:02:41,10
6,2,10.0,2,100000,2,4,4.5319918276224053e-10,7,2025-10-06T13:02:41,2
6,2,10.0,2,100000,2,4,7.1019535499686405e-09,7,2025-10-06T13:02:41,7
6,2,10.0,2,100000,2,5,2.082052400117371e-09,6,2025-10-06T13:02:41,3
6,2,10.0,2,100000,2,5,3.783735535528247e-09,6,2025-10-06T13:02:41,5
6,2,10.0,2,100000,2,6,1.98618722043328e-09,4,2025-10-06T13:02:41,9
6,2,10.0,2,100000,2,6,3.745021507952543e-09,6,2025-10-06T13:02:41,6
6,2,10.0,2,100000,2,5,1.595967623149129e-10,5,2025-10-06T13:02:41,1
6,2,10.0,2,100000,2,7,2.059688515041528e-11,1,2025-10-06T13:02:41,9
6,2,10.0,2,100000,2,6,1.0310621880270454e-09,8,2025-10-06T13:02:41,0
6,2,10.0,2,100000,2,5,1.1159616449693473e-08,6,2025-10-06T13:02:41,8
6,2,10.0,2,100000,2,5,5.161407054727756e-10,5,2025-10-06T13:02:41,7
6,2,10.0,2,100000,2,5,2.4861982037159847e-10,6,2025-10-06T13:02:41,2
6,2,10.0,2,100000,2,6,1.8880108368575293e-09,6,2025-10-06T13:02:41,10
6,2,10.0,2,100000,2,7,2.6563319984130626e-09,8,2025-10-06T13:02:41,4
6,2,10.0,2,100000,2,6,5.279633756622801e-09,7,2025-10-06T13:02:41,5
6,2,10.0,2,100000,2,6,5.868722059691514e-09,10,2025-10-06T13:02:41,3
6,2,10.0,2,100000,2,8,4.307545240534413e-09,6,2025-10-06T13:02:41,9
6,2,10.0,2,100000,2,7,3.913725366067873e-09,7,2025-10-06T13:02:41,0
6,2,10.0,2,100000,2,6,3.86391147145332e-09,6,2025-10-06T13:02:41,2
6,2,10.0,2,100000,2,7,1.6115302774135802e-08,9,2025-10-06T13:02:41,6
6,2,10.0,2,100000,2,7,3.371895567750857e-09,6,2025-10-06T13:02:41,10
6,2,10.0,2,100000,2,8,2.570039191963484e-10,6,2025-10-06T13:02:41,4
6,2,10.0,2,100000,2,7,3.1304977234021356e-09,6,2025-10-06T13:02:41,5
6,2,10.0,2,100000,2,6,1.675908352852096e-10,5,2025-10-06T13:02:41,1
6,2,10.0,2,100000,2,6,3.3865092598387607e-09,5,2025-10-06T13:02:41,8
6,2,10.0,2,100000,2,9,4.4778735166088493e-10,3,2025-10-06T13:02:41,9
6,2,10.0,2,100000,2,7,1.7362276410366384e-09,5,2025-10-06T13:02:41,3
6,2,10.0,2,100000,2,8,6.064850643570779e-10,3,2025-10-06T13:02:41,10
6,2,10.0,2,100000,2,8,2.514072517952271e-09,6,2025-10-06T13:02:41,0
6,2,10.0,2,100000,2,7,1.628970793371035e-09,6,2025-10-06T13:02:41,2
6,2,10.0,2,100000,2,8,2.8206361481716354e-09,5,2025-10-06T13:02:41,5
6,2,10.0,2,100000,2,8,1.9795213640654795e-09,6,2025-10-06T13:02:41,6
6,2,10.0,2,100000,2,6,1.4784901361394907e-09,7,2025-10-06T13:02:41,7
6,2,10.0,2,100000,2,9,9.672990020745864e-10,7,2025-10-06T13:02:41,4
6,2,10.0,2,100000,2,9,2.975544637201405e-09,5,2025-10-06T13:02:41,10
6,2,10.0,2,100000,2,8,2.8752866944678063e-10,3,2025-10-06T13:02:41,2
6,2,10.0,2,100000,2,8,1.0335802827046187e-09,8,2025-10-06T13:02:41,3
6,2,10.0,2,100000,2,9,3.6748017083067167e-10,5,2025-10-06T13:02:41,6
6,2,10.0,2,100000,2,9,1.1406920086638388e-09,6,2025-10-06T13:02:41,5
6,2,10.0,2,100000,2,7,1.622670752528959e-09,6,2025-10-06T13:02:41,1
6,2,10.0,2,100000,2,9,2.529376994657963e-09,7,2025-10-06T13:02:41,0
6,2,10.0,2,100000,2,7,1.9537342017519687e-09,5,2025-10-06T13:02:41,8
6,2,10.0,2,100000,2,9,6.357728329862141e-10,3,2025-10-06T13:02:41,3
6,2,10.0,2,100000,2,8,9.840710070916835e-10,4,2025-10-06T13:02:41,1
6,2,10.0,2,100000,2,9,1.2184800136512116e-09,8,2025-10-06T13:02:41,2
6,2,10.0,2,100000,2,8,3.764630648630967e-09,8,2025-10-06T13:02:41,8
6,2,10.0,2,100000,2,9,4.4064906242496284e-09,8,2025-10-06T13:02:41,1
6,2,10.0,2,100000,2,7,1.1785065189864836e-09,6,2025-10-06T13:02:41,7
6,2,10.0,2,100000,2,9,1.4694429332990886e-09,6,2025-10-06T13:02:41,8
6,2,10.0,2,100000,2,8,1.7776509566466932e-09,8,2025-10-06T13:02:41,7
6,2,10.0,2,100000,2,9,1.7413142327341325e-10,4,2025-10-06T13:02:41,7
8,2,10.0,2,100000,2,0,1.0433340808284203e-10,3,2025-10-06T13:02:42,10
8,2,10.0,2,100000,2,0,1.5449595995547137e-09,5,2025-10-06T13:02:42,4
8,2,10.0,2,100000,2,0,2.901474096015643e-10,5,2025-10-06T13:02:42,1
8,2,10.0,2,100000,2,0,2.626372977624526e-09,7,2025-10-06T13:02:42,0
8,2,10.0,2,100000,2,0,4.471062914876342e-09,6,2025-10-06T13:02:42,6
8,2,10.0,2,100000,2,0,1.3999796505530445e-09,9,2025-10-06T13:02:42,2
8,2,10.0,2,100000,2,0,6.4015416066710804e-09,10,2025-10-06T13:02:42,3
8,2,10.0,2,100000,2,0,1.30889028997051e-09,9,2025-10-06T13:02:42,5
8,2,10.0,2,100000,2,1,9.101628424436274e-09,7,2025-10-06T13:02:42,10
8,2,10.0,2,100000,2,0,5.686794318379284e-09,10,2025-10-06T13:02:42,9
8,2,10.0,2,100000,2,0,1.8305367008444788e-08,11,2025-10-06T13:02:42,8
8,2,10.0,2,100000,2,0,2.522725394356215e-09,9,2025-10-06T13:02:42,7
8,2,10.0,2,100000,2,1,1.0569811704073287e-10,6,2025-10-06T13:02:42,4
8,2,10.0,2,100000,2,1,1.6038837470252964e-10,3,2025-10-06T13:02:42,6
8,2,10.0,2,100000,2,1,2.211781776053263e-09,6,2025-10-06T13:02:42,1
8,2,10.0,2,100000,2,1,9.9901464435141e-09,9,2025-10-06T13:02:42,0
8,2,10.0,2,100000,2,1,3.0463279968671705e-10,6,2025-10-06T13:02:42,3
8,2,10.0,2,100000,2,2,8.477501315903673e-10,4,2025-10-06T13:02:42,1
8,2,10.0,2,100000,2,1,4.998671764505511e-09,8,2025-10-06T13:02:42,2
8,2,10.0,2,100000,2,1,3.1048045006921984e-09,5,2025-10-06T13:02:42,7
8,2,10.0,2,100000,2,1,6.568233109603398e-10,6,2025-10-06T13:02:42,5
8,2,10.0,2,100000,2,2,1.2835842612005463e-09,8,2025-10-06T13:02:42,10
8,2,10.0,2,100000,2,2,1.081990505223185e-08,8,2025-10-06T13:02:42,4
8,2,10.0,2,100000,2,2,2.0160263340315597e-09,10,2025-10-06T13:02:42,6
8,2,10.0,2,100000,2,1,5.5236357824234485e-09,10,2025-10-06T13:02:42,8
8,2,10.0,2,100000,2,2,3.460420696719358e-10,5,2025-10-06T13:02:42,7
8,2,10.0,2,100000,2,1,3.8018718871629895e-09,12,2025-10-06T13:02:42,9
8,2,10.0,2,100000,2,3,5.568636131831928e-10,8,2025-10-06T13:02:42,1
8,2,10.0,2,100000,2,2,1.8385395697954937e-09,9,2025-10-06T13:02:42,0
8,2,10.0,2,100000,2,2,2.209827196887706e-09,9,2025-10-06T13:02:42,3
8,2,10.0,2,100000,2,2,9.467117431113241e-09,11,2025-10-06T13:02:42,2
8,2,10.0,2,100000,2,2,8.054857395553364e-09,12,2025-10-06T13:02:42,5
8,2,10.0,2,100000,2,3,3.940262281115811e-09,8,2025-10-06T13:02:42,4
8,2,10.0,2,100000,2,2,5.483599491740398e-10,7,2025-10-06T13:02:42,8
8,2,10.0,2,100000,2,3,2.753143718336729e-09,12,2025-10-06T13:02:42,10
8,2,10.0,2,100000,2,3,3.070184460339051e-09,10,2025-10-06T13:02:42,6
8,2,10.0,2,100000,2,3,3.008171902747552e-09,5,2025-10-06T13:02:42,3
8,2,10.0,2,100000,2,3,7.649744504303028e-10,9,2025-10-06T13:02:42,7
8,2,10.0,2,100000,2,4,3.235455387426978e-09,8,2025-10-06T13:02:42,1
8,2,10.0,2,100000,2,3,2.262999382568081e-08,11,2025-10-06T13:02:42,0
8,2,10.0,2,100000,2,4,1.2069544018809407e-09,5,2025-10-06T13:02:42,4
8,2,10.0,2,100000,2,2,3.7713245910739035e-09,15,2025-10-06T13:02:42,9
8,2,10.0,2,100000,2,3,2.595364819797748e-09,6,2025-10-06T13:02:42,8
8,2,10.0,2,100000,2,3,8.40607480545952e-09,11,2025-10-06T13:02:42,2
8,2,10.0,2,100000,2,4,3.0610761209239442e-09,7,2025-10-06T13:02:42,10
8,2,10.0,2,100000,2,4,9.029228926770338e-10,5,2025-10-06T13:02:42,6
8,2,10.0,2,100000,2,4,1.6157567630130786e-09,7,2025-10-06T13:02:42,3
8,2,10.0,2,100000,2,4,2.4186499327467463e-09,9,2025-10-06T13:02:42,7
8,2,10.0,2,100000,2,3,1.6269039305496055e-08,15,2025-10-06T13:02:42,5
8,2,10.0,2,100000,2,5,2.4840727402074986e-09,10,2025-10-06T13:02:42,1
8,2,10.0,2,100000,2,5,1.6905411160703654e-09,7,2025-10-06T13:02:42,6
8,2,10.0,2,100000,2,5,2.823336109311428e-10,3,2025-10-06T13:02:42,10
8,2,10.0,2,100000,2,4,1.043886360810278e-09,5,2025-10-06T13:02:42,2
8,2,10.0,2,100000,2,3,2.174513676280808e-09,9,2025-10-06T13:02:42,9
8,2,10.0,2,100000,2,5,8.404937265374103e-10,6,2025-10-06T13:02:42,7
8,2,10.0,2,100000,2,4,1.1858273588817098e-09,7,2025-10-06T13:02:42,0
8,2,10.0,2,100000,2,5,6.987896795368499e-09,14,2025-10-06T13:02:42,4
8,2,10.0,2,100000,2,6,2.1773357860777614e-10,4,2025-10-06T13:02:42,6
8,2,10.0,2,100000,2,4,3.2323564930559593e-09,7,2025-10-06T13:02:42,8
8,2,10.0,2,100000,2,5,8.894959546934729e-10,8,2025-10-06T13:02:42,3
8,2,10.0,2,100000,2,4,5.556882754732107e-09,8,2025-10-06T13:02:42,5
8,2,10.0,2,100000,2,6,8.684082352351104e-10,7,2025-10-06T13:02:42,1
8,2,10.0,2,100000,2,6,2.116868161466349e-10,6,2025-10-06T13:02:42,10
8,2,10.0,2,100000,2,5,1.2578523196493775e-09,4,2025-10-06T13:02:42,8
8,2,10.0,2,100000,2,5,1.1142857574581799e-09,7,2025-10-06T13:02:42,2
8,2,10.0,2,100000,2,5,8.704911063535623e-10,8,2025-10-06T13:02:42,0
8,2,10.0,2,100000,2,7,5.368345876024714e-09,6,2025-10-06T13:02:42,6
8,2,10.0,2,100000,2,6,2.6194099060026807e-09,7,2025-10-06T13:02:42,7
8,2,10.0,2,100000,2,6,7.500770862550797e-10,7,2025-10-06T13:02:42,3
8,2,10.0,2,100000,2,4,3.544742175312754e-09,7,2025-10-06T13:02:42,9
8,2,10.0,2,100000,2,6,1.1969743256163123e-08,11,2025-10-06T13:02:42,4
8,2,10.0,2,100000,2,5,1.128864574924981e-08,10,2025-10-06T13:02:42,5
8,2,10.0,2,100000,2,7,3.5192208624824375e-09,9,2025-10-06T13:02:42,1
8,2,10.0,2,100000,2,6,6.831710202106065e-10,6,2025-10-06T13:02:42,8
8,2,10.0,2,100000,2,6,9.875929994408913e-10,5,2025-10-06T13:02:42,2
8,2,10.0,2,100000,2,7,3.6062093654208264e-10,5,2025-10-06T13:02:42,3
8,2,10.0,2,100000,2,5,1.1555565188497236e-09,4,2025-10-06T13:02:42,9
8,2,10.0,2,100000,2,6,1.4766810994790905e-09,7,2025-10-06T13:02:42,0
8,2,10.0,2,100000,2,7,2.3412913143553364e-10,7,2025-10-06T13:02:42,7
8,2,10.0,2,100000,2,7,1.1218059689339176e-08,10,2025-10-06T13:02:42,10
8,2,10.0,2,100000,2,7,2.770548125242225e-09,9,2025-10-06T13:02:42,2
8,2,10.0,2,100000,2,7,2.1122222500591585e-08,8,2025-10-06T13:02:42,4
8,2,10.0,2,100000,2,8,5.4941178013285924e-09,9,2025-10-06T13:02:42,6
8,2,10.0,2,100000,2,8,7.503468818561906e-09,9,2025-10-06T13:02:42,3
8,2,10.0,2,100000,2,6,1.2095764644323041e-08,12,2025-10-06T13:02:42,5
8,2,10.0,2,100000,2,8,2.603651066696158e-09,9,2025-10-06T13:02:42,7
8,2,10.0,2,100000,2,7,2.1626741586316764e-09,7,2025-10-06T13:02:42,8
8,2,10.0,2,100000,2,7,4.615263877848614e-09,9,2025-10-06T13:02:42,0
8,2,10.0,2,100000,2,8,7.108459425453079e-09,11,2025-10-06T13:02:42,1
8,2,10.0,2,100000,2,6,3.9530851250229585e-09,11,2025-10-06T13:02:42,9
8,2,10.0,2,100000,2,8,4.061870220357796e-09,6,2025-10-06T13:02:42,4
8,2,10.0,2,100000,2,8,8.444607621359813e-09,7,2025-10-06T13:02:42,2
8,2,10.0,2,100000,2,9,1.160252687525829e-10,5,2025-10-06T13:02:42,7
8,2,10.0,2,100000,2,9,1.0885107813362405e-08,8,2025-10-06T13:02:42,3
8,2,10.0,2,100000,2,9,3.818943694636314e-09,8,2025-10-06T13:02:42,6
8,2,10.0,2,100000,2,7,1.539779736273433e-09,8,2025-10-06T13:02:42,5
8,2,10.0,2,100000,2,8,1.1404858130401615e-08,10,2025-10-06T13:02:42,10
8,2,10.0,2,100000,2,8,1.1373657762093052e-09,7,2025-10-06T13:02:42,8
8,2,10.0,2,100000,2,9,1.2277634692382699e-08,7,2025-10-06T13:02:42,1
8,2,10.0,2,100000,2,8,4.579768333628395e-09,6,2025-10-06T13:02:42,0
8,2,10.0,2,100000,2,9,2.212115259287755e-09,6,2025-10-06T13:02:42,4
8,2,10.0,2,100000,2,9,4.21338795570644e-09,10,2025-10-06T13:02:42,2
8,2,10.0,2,100000,2,8,1.8702260150422203e-08,9,2025-10-06T13:02:42,5
8,2,10.0,2,100000,2,9,4.304342372174029e-09,8,2025-10-06T13:02:42,10
8,2,10.0,2,100000,2,9,9.799628495021437e-09,9,2025-10-06T13:02:42,8
8,2,10.0,2,100000,2,9,5.724699607251258e-10,4,2025-10-06T13:02:42,5
8,2,10.0,2,100000,2,7,1.2326682093070003e-08,11,2025-10-06T13:02:42,9
8,2,10.0,2,100000,2,8,4.750081815401702e-09,7,2025-10-06T13:02:42,9
8,2,10.0,2,100000,2,9,4.896970359355924e-09,13,2025-10-06T13:02:42,0
8,2,10.0,2,100000,2,9,4.1885612548140425e-09,12,2025-10-06T13:02:42,9
10,2,10.0,2,100000,2,0,6.090184526200898e-09,6,2025-10-06T13:02:42,3
10,2,10.0,2,100000,2,0,2.178967057767323e-09,6,2025-10-06T13:02:42,5
10,2,10.0,2,100000,2,0,1.638219363233801e-09,8,2025-10-06T13:02:42,6
10,2,10.0,2,100000,2,0,6.329675406703505e-09,7,2025-10-06T13:02:42,0
10,2,10.0,2,100000,2,0,8.960953731508276e-09,8,2025-10-06T13:02:42,4
10,2,10.0,2,100000,2,0,9.064313653428595e-09,8,2025-10-06T13:02:42,1
10,2,10.0,2,100000,2,1,2.855647412498735e-10,5,2025-10-06T13:02:42,3
10,2,10.0,2,100000,2,0,5.340151326836606e-09,11,2025-10-06T13:02:42,10
10,2,10.0,2,100000,2,0,7.862722073459728e-09,11,2025-10-06T13:02:42,7
10,2,10.0,2,100000,2,0,8.685303960049164e-09,12,2025-10-06T13:02:42,9
10,2,10.0,2,100000,2,0,3.783520035220905e-09,14,2025-10-06T13:02:42,8
10,2,10.0,2,100000,2,1,1.1809779711747188e-08,8,2025-10-06T13:02:42,5
10,2,10.0,2,100000,2,1,3.891922174388617e-09,5,2025-10-06T13:02:42,10
10,2,10.0,2,100000,2,0,1.7022106724313112e-08,18,2025-10-06T13:02:42,2
10,2,10.0,2,100000,2,1,9.284602843714344e-09,11,2025-10-06T13:02:42,4
10,2,10.0,2,100000,2,2,2.2582291439066436e-09,8,2025-10-06T13:02:42,3
10,2,10.0,2,100000,2,1,6.320781771782486e-09,13,2025-10-06T13:02:42,6
10,2,10.0,2,100000,2,1,4.221567308404162e-09,12,2025-10-06T13:02:42,0
10,2,10.0,2,100000,2,1,2.8803725112683e-08,15,2025-10-06T13:02:42,1
10,2,10.0,2,100000,2,1,3.4712631811946767e-09,10,2025-10-06T13:02:42,8
10,2,10.0,2,100000,2,1,5.936683592694168e-09,13,2025-10-06T13:02:42,9
10,2,10.0,2,100000,2,1,5.943959424216383e-09,14,2025-10-06T13:02:42,7
10,2,10.0,2,100000,2,2,2.4656355016851744e-08,13,2025-10-06T13:02:42,5
10,2,10.0,2,100000,2,2,4.021255559057405e-09,8,2025-10-06T13:02:42,4
10,2,10.0,2,100000,2,1,8.191198907308997e-09,8,2025-10-06T13:02:42,2
10,2,10.0,2,100000,2,2,1.1917301043713099e-08,10,2025-10-06T13:02:42,10
10,2,10.0,2,100000,2,2,2.5240192432273576e-10,5,2025-10-06T13:02:42,1
10,2,10.0,2,100000,2,2,2.3049143253747132e-08,8,2025-10-06T13:02:42,6
10,2,10.0,2,100000,2,3,4.737390719263865e-09,11,2025-10-06T13:02:42,3
10,2,10.0,2,100000,2,2,1.6861670731096256e-09,7,2025-10-06T13:02:42,7
10,2,10.0,2,100000,2,2,1.4603365150562901e-08,9,2025-10-06T13:02:42,8
10,2,10.0,2,100000,2,3,8.087491840594278e-09,9,2025-10-06T13:02:42,4
10,2,10.0,2,100000,2,2,2.096227874646807e-08,13,2025-10-06T13:02:42,0
10,2,10.0,2,100000,2,2,9.214766126250124e-10,7,2025-10-06T13:02:42,2
10,2,10.0,2,100000,2,3,1.5471003675932119e-09,9,2025-10-06T13:02:42,10
10,2,10.0,2,100000,2,3,2.125066338511919e-08,12,2025-10-06T13:02:43,5
10,2,10.0,2,100000,2,4,1.6542174347030378e-09,8,2025-10-06T13:02:43,3
10,2,10.0,2,100000,2,2,1.278308303203572e-08,13,2025-10-06T13:02:43,9
10,2,10.0,2,100000,2,4,1.1400075788260244e-09,5,2025-10-06T13:02:43,4
10,2,10.0,2,100000,2,3,6.107899631474395e-09,10,2025-10-06T13:02:43,6
10,2,10.0,2,100000,2,3,6.614677812232421e-09,12,2025-10-06T13:02:43,1
10,2,10.0,2,100000,2,4,3.184378022357689e-09,9,2025-10-06T13:02:43,10
10,2,10.0,2,100000,2,3,1.1203521628464169e-08,13,2025-10-06T13:02:43,0
10,2,10.0,2,100000,2,3,8.27868554320588e-09,12,2025-10-06T13:02:43,7
10,2,10.0,2,100000,2,3,1.0614885015811616e-08,8,2025-10-06T13:02:43,2
10,2,10.0,2,100000,2,3,1.7646504224247962e-08,13,2025-10-06T13:02:43,8
10,2,10.0,2,100000,2,4,6.596532073442989e-10,7,2025-10-06T13:02:43,6
10,2,10.0,2,100000,2,5,5.086947011156594e-09,9,2025-10-06T13:02:43,4
10,2,10.0,2,100000,2,4,1.5975773074009528e-08,11,2025-10-06T13:02:43,5
10,2,10.0,2,100000,2,5,4.135492284788408e-09,13,2025-10-06T13:02:43,3
10,2,10.0,2,100000,2,3,8.338770158830805e-09,14,2025-10-06T13:02:43,9
10,2,10.0,2,100000,2,4,1.0554401049365074e-08,14,2025-10-06T13:02:43,1
10,2,10.0,2,100000,2,5,4.005225309391292e-09,8,2025-10-06T13:02:43,6
10,2,10.0,2,100000,2,4,1.2435592910239494e-08,12,2025-10-06T13:02:43,0
10,2,10.0,2,100000,2,4,1.5217992359683651e-09,10,2025-10-06T13:02:43,7
10,2,10.0,2,100000,2,5,1.0719775778992052e-08,11,2025-10-06T13:02:43,10
10,2,10.0,2,100000,2,4,1.0756095012323645e-08,12,2025-10-06T13:02:43,2
10,2,10.0,2,100000,2,5,1.2194229541513267e-08,10,2025-10-06T13:02:43,5
10,2,10.0,2,100000,2,4,1.7874714651133312e-08,11,2025-10-06T13:02:43,8
10,2,10.0,2,100000,2,6,2.5404242033315104e-08,12,2025-10-06T13:02:43,4
10,2,10.0,2,100000,2,6,2.27033587072245e-09,5,2025-10-06T13:02:43,10
10,2,10.0,2,100000,2,4,2.8196768871010586e-09,11,2025-10-06T13:02:43,9
10,2,10.0,2,100000,2,6,2.7222965104940927e-08,14,2025-10-06T13:02:43,3
10,2,10.0,2,100000,2,5,1.6156438901665662e-09,10,2025-10-06T13:02:43,1
10,2,10.0,2,100000,2,6,3.981790228478983e-09,11,2025-10-06T13:02:43,6
10,2,10.0,2,100000,2,5,8.229890333104942e-09,11,2025-10-06T13:02:43,0
10,2,10.0,2,100000,2,5,2.9324545194717716e-09,10,2025-10-06T13:02:43,2
10,2,10.0,2,100000,2,5,1.1802840070947007e-08,9,2025-10-06T13:02:43,8
10,2,10.0,2,100000,2,6,6.273174152373134e-09,9,2025-10-06T13:02:43,5
10,2,10.0,2,100000,2,5,1.582107169590415e-08,14,2025-10-06T13:02:43,7
10,2,10.0,2,100000,2,6,1.9437787560117915e-10,5,2025-10-06T13:02:43,1
10,2,10.0,2,100000,2,7,8.215626064706634e-10,7,2025-10-06T13:02:43,6
10,2,10.0,2,100000,2,7,9.076152147345308e-10,9,2025-10-06T13:02:43,10
10,2,10.0,2,100000,2,7,1.1636670811808944e-08,14,2025-10-06T13:02:43,4
10,2,10.0,2,100000,2,7,6.161476760197649e-09,9,2025-10-06T13:02:43,3
10,2,10.0,2,100000,2,6,2.3416640227946567e-09,8,2025-10-06T13:02:43,2
10,2,10.0,2,100000,2,6,2.621123439008937e-09,10,2025-10-06T13:02:43,8
10,2,10.0,2,100000,2,6,5.01050525181986e-09,12,2025-10-06T13:02:43,7
10,2,10.0,2,100000,2,6,6.502196456189647e-09,11,2025-10-06T13:02:43,0
10,2,10.0,2,100000,2,5,5.4449150359944925e-09,16,2025-10-06T13:02:43,9
10,2,10.0,2,100000,2,8,4.3873662294832945e-09,7,2025-10-06T13:02:43,6
10,2,10.0,2,100000,2,7,1.4114654265603392e-09,4,2025-10-06T13:02:43,8
10,2,10.0,2,100000,2,8,1.3300155175891153e-09,7,2025-10-06T13:02:43,3
10,2,10.0,2,100000,2,7,3.193539014642329e-09,14,2025-10-06T13:02:43,5
10,2,10.0,2,100000,2,8,3.5987888270068628e-09,8,2025-10-06T13:02:43,4
10,2,10.0,2,100000,2,8,7.793710969031642e-09,12,2025-10-06T13:02:43,10
10,2,10.0,2,100000,2,7,7.217753712246718e-09,12,2025-10-06T13:02:43,1
10,2,10.0,2,100000,2,7,1.2330917204377036e-10,4,2025-10-06T13:02:43,7
10,2,10.0,2,100000,2,7,2.555339835161615e-09,6,2025-10-06T13:02:43,0
10,2,10.0,2,100000,2,7,9.87697267211203e-09,13,2025-10-06T13:02:43,2
10,2,10.0,2,100000,2,9,2.121467587282373e-09,9,2025-10-06T13:02:43,3
10,2,10.0,2,100000,2,6,8.988232403720471e-10,9,2025-10-06T13:02:43,9
10,2,10.0,2,100000,2,9,2.0410743202082358e-09,6,2025-10-06T13:02:43,4
10,2,10.0,2,100000,2,8,7.679951327387152e-09,10,2025-10-06T13:02:43,8
10,2,10.0,2,100000,2,8,1.818068030463916e-08,7,2025-10-06T13:02:43,7
10,2,10.0,2,100000,2,8,5.0002183066951e-09,10,2025-10-06T13:02:43,5
10,2,10.0,2,100000,2,9,5.374549994259626e-08,12,2025-10-06T13:02:43,6
10,2,10.0,2,100000,2,9,3.7045905059693204e-08,12,2025-10-06T13:02:43,10
10,2,10.0,2,100000,2,8,5.442935214363341e-09,10,2025-10-06T13:02:43,1
10,2,10.0,2,100000,2,7,7.182097774419739e-10,5,2025-10-06T13:02:43,9
10,2,10.0,2,100000,2,8,2.1611297040687305e-09,10,2025-10-06T13:02:43,2
10,2,10.0,2,100000,2,8,2.3348912655167042e-08,13,2025-10-06T13:02:43,0
10,2,10.0,2,100000,2,8,2.831950017487842e-09,5,2025-10-06T13:02:43,9
10,2,10.0,2,100000,2,9,3.0045213580351587e-09,10,2025-10-06T13:02:43,7
10,2,10.0,2,100000,2,9,6.270094569676531e-09,8,2025-10-06T13:02:43,5
10,2,10.0,2,100000,2,9,8.132297441262727e-09,13,2025-10-06T13:02:43,8
10,2,10.0,2,100000,2,9,7.112892742983195e-09,12,2025-10-06T13:02:43,1
10,2,10.0,2,100000,2,9,5.03166932936691e-09,11,2025-10-06T13:02:43,0
10,2,10.0,2,100000,2,9,3.2421060011402698e-09,10,2025-10-06T13:02:43,9
10,2,10.0,2,100000,2,9,1.0325169275725117e-08,15,2025-10-06T13:02:43,2
12,2,10.0,2,100000,2,0,7.909320421365602e-09,8,2025-10-06T13:02:43,7
12,2,10.0,2,100000,2,0,1.5451463909665574e-08,9,2025-10-06T13:02:43,2
12,2,10.0,2,100000,2,0,6.826666131173726e-09,11,2025-10-06T13:02:43,5
12,2,10.0,2,100000,2,0,9.195147596492454e-09,13,2025-10-06T13:02:43,4
12,2,10.0,2,100000,2,0,9.571948537423611e-09,12,2025-10-06T13:02:43,9
12,2,10.0,2,100000,2,0,3.178208620998254e-08,13,2025-10-06T13:02:43,0
12,2,10.0,2,100000,2,0,1.1621104000134057e-08,13,2025-10-06T13:02:44,8
12,2,10.0,2,100000,2,0,3.5009979193858595e-08,13,2025-10-06T13:02:44,3
12,2,10.0,2,100000,2,0,3.553907458957761e-08,15,2025-10-06T13:02:44,6
12,2,10.0,2,100000,2,0,9.394195594626961e-09,15,2025-10-06T13:02:44,10
12,2,10.0,2,100000,2,1,1.9271821504117023e-08,9,2025-10-06T13:02:44,7
12,2,10.0,2,100000,2,0,1.684445683750754e-08,18,2025-10-06T13:02:44,1
12,2,10.0,2,100000,2,1,1.7499829027361258e-08,11,2025-10-06T13:02:44,4
12,2,10.0,2,100000,2,1,2.004976806106376e-08,9,2025-10-06T13:02:44,8
12,2,10.0,2,100000,2,1,1.2668557156934044e-08,13,2025-10-06T13:02:44,9
12,2,10.0,2,100000,2,1,5.204835504050591e-09,14,2025-10-06T13:02:44,2
12,2,10.0,2,100000,2,1,2.7057399459426584e-08,13,2025-10-06T13:02:44,5
12,2,10.0,2,100000,2,1,1.1582658333336598e-08,10,2025-10-06T13:02:44,10
12,2,10.0,2,100000,2,1,8.090617977453518e-09,9,2025-10-06T13:02:44,0
12,2,10.0,2,100000,2,1,1.8604302643852923e-08,10,2025-10-06T13:02:44,3
12,2,10.0,2,100000,2,2,1.1313173731454753e-08,11,2025-10-06T13:02:44,7
12,2,10.0,2,100000,2,1,8.105636689273578e-09,12,2025-10-06T13:02:44,6
12,2,10.0,2,100000,2,2,3.2638470108742077e-09,8,2025-10-06T13:02:44,4
12,2,10.0,2,100000,2,2,7.068733003967376e-09,10,2025-10-06T13:02:44,2
12,2,10.0,2,100000,2,2,4.1565283962605595e-09,10,2025-10-06T13:02:44,8
12,2,10.0,2,100000,2,2,5.928089095523197e-09,8,2025-10-06T13:02:44,3
12,2,10.0,2,100000,2,2,2.9634559986059845e-08,12,2025-10-06T13:02:44,9
12,2,10.0,2,100000,2,1,2.8218041376100054e-08,19,2025-10-06T13:02:44,1
12,2,10.0,2,100000,2,2,7.1786921331021985e-09,13,2025-10-06T13:02:44,5
12,2,10.0,2,100000,2,3,8.685656693569497e-09,10,2025-10-06T13:02:44,7
12,2,10.0,2,100000,2,3,4.036948290862553e-09,8,2025-10-06T13:02:44,4
12,2,10.0,2,100000,2,2,2.7745473367847486e-08,15,2025-10-06T13:02:44,10
12,2,10.0,2,100000,2,2,1.5913096869015542e-08,12,2025-10-06T13:02:44,6
12,2,10.0,2,100000,2,3,6.617570505612375e-09,7,2025-10-06T13:02:44,3
12,2,10.0,2,100000,2,2,1.138509009355775e-08,16,2025-10-06T13:02:44,0
12,2,10.0,2,100000,2,3,1.630596749171336e-08,14,2025-10-06T13:02:44,8
12,2,10.0,2,100000,2,3,7.536567513332951e-09,7,2025-10-06T13:02:44,10
12,2,10.0,2,100000,2,3,1.721209775709051e-08,15,2025-10-06T13:02:44,2
12,2,10.0,2,100000,2,4,3.634348657403279e-09,12,2025-10-06T13:02:44,4
12,2,10.0,2,100000,2,2,1.2639237427104202e-08,11,2025-10-06T13:02:44,1
12,2,10.0,2,100000,2,4,9.475278994578761e-09,11,2025-10-06T13:02:44,7
12,2,10.0,2,100000,2,3,9.65614446362638e-09,13,2025-10-06T13:02:44,5
12,2,10.0,2,100000,2,3,1.5535425262467598e-08,13,2025-10-06T13:02:44,9
12,2,10.0,2,100000,2,3,1.2814714624697809e-08,14,2025-10-06T13:02:44,6
12,2,10.0,2,100000,2,4,7.74404672497305e-09,10,2025-10-06T13:02:44,8
12,2,10.0,2,100000,2,4,1.717311676284279e-08,8,2025-10-06T13:02:44,2
12,2,10.0,2,100000,2,3,1.944990912266459e-08,14,2025-10-06T13:02:44,0
12,2,10.0,2,100000,2,4,4.009443575674402e-09,12,2025-10-06T13:02:44,10
12,2,10.0,2,100000,2,4,2.0382463855941155e-08,16,2025-10-06T13:02:44,3
12,2,10.0,2,100000,2,5,4.0632167122309524e-09,9,2025-10-06T13:02:44,4
12,2,10.0,2,100000,2,5,4.782793357611771e-09,9,2025-10-06T13:02:44,7
12,2,10.0,2,100000,2,4,1.886173459345953e-08,12,2025-10-06T13:02:44,5
12,2,10.0,2,100000,2,4,2.0105550128892687e-09,9,2025-10-06T13:02:44,6
12,2,10.0,2,100000,2,5,3.0409285252255462e-09,7,2025-10-06T13:02:44,8
12,2,10.0,2,100000,2,3,1.3528707095739551e-08,16,2025-10-06T13:02:44,1
12,2,10.0,2,100000,2,4,2.191248585668558e-08,14,2025-10-06T13:02:44,9
12,2,10.0,2,100000,2,5,4.83399936825376e-09,8,2025-10-06T13:02:44,3
12,2,10.0,2,100000,2,5,2.141855294808105e-08,15,2025-10-06T13:02:44,2
12,2,10.0,2,100000,2,6,4.6446769672544855e-09,14,2025-10-06T13:02:44,4
12,2,10.0,2,100000,2,6,2.7854492411809284e-08,14,2025-10-06T13:02:45,7
12,2,10.0,2,100000,2,5,1.5313931197725487e-08,14,2025-10-06T13:02:45,6
12,2,10.0,2,100000,2,5,6.826762708879901e-09,13,2025-10-06T13:02:45,5
12,2,10.0,2,100000,2,4,2.3381343631675875e-08,15,2025-10-06T13:02:45,0
12,2,10.0,2,100000,2,4,1.726844426214817e-08,13,2025-10-06T13:02:45,1
12,2,10.0,2,100000,2,5,6.388742384288718e-09,12,2025-10-06T13:02:45,9
12,2,10.0,2,100000,2,6,8.496753365126788e-10,7,2025-10-06T13:02:45,2
12,2,10.0,2,100000,2,5,3.9741403543753255e-08,22,2025-10-06T13:02:45,10
12,2,10.0,2,100000,2,6,1.1452322310123707e-08,13,2025-10-06T13:02:45,3
12,2,10.0,2,100000,2,6,3.5242962576709543e-08,18,2025-10-06T13:02:45,8
12,2,10.0,2,100000,2,7,1.453734119850946e-08,11,2025-10-06T13:02:45,4
12,2,10.0,2,100000,2,6,4.549005018844085e-09,10,2025-10-06T13:02:45,6
12,2,10.0,2,100000,2,6,1.1660685950284771e-08,15,2025-10-06T13:02:45,5
12,2,10.0,2,100000,2,7,1.1757859433748666e-08,16,2025-10-06T13:02:45,7
12,2,10.0,2,100000,2,8,3.6836530969813623e-09,7,2025-10-06T13:02:45,4
12,2,10.0,2,100000,2,7,4.11046809689582e-09,6,2025-10-06T13:02:45,6
12,2,10.0,2,100000,2,5,1.7987467024102303e-08,15,2025-10-06T13:02:45,0
12,2,10.0,2,100000,2,6,4.901263319527419e-09,13,2025-10-06T13:02:45,10
12,2,10.0,2,100000,2,7,2.557269345525146e-08,14,2025-10-06T13:02:45,2
12,2,10.0,2,100000,2,5,6.335230785841109e-09,17,2025-10-06T13:02:45,1
12,2,10.0,2,100000,2,6,3.4325872085771375e-09,16,2025-10-06T13:02:45,9
12,2,10.0,2,100000,2,7,1.9544747545161125e-08,13,2025-10-06T13:02:45,3
12,2,10.0,2,100000,2,8,9.076929792883585e-09,7,2025-10-06T13:02:45,7
12,2,10.0,2,100000,2,7,6.805660387062748e-09,10,2025-10-06T13:02:45,10
12,2,10.0,2,100000,2,7,3.2804867379977784e-09,8,2025-10-06T13:02:45,9
12,2,10.0,2,100000,2,6,6.843637641778916e-09,12,2025-10-06T13:02:45,0
12,2,10.0,2,100000,2,8,6.860755089816461e-09,13,2025-10-06T13:02:45,6
12,2,10.0,2,100000,2,9,3.55352221009929e-08,15,2025-10-06T13:02:45,4
12,2,10.0,2,100000,2,8,1.0483764272547031e-08,12,2025-10-06T13:02:45,2
12,2,10.0,2,100000,2,7,4.160765348198595e-08,21,2025-10-06T13:02:45,8
12,2,10.0,2,100000,2,7,1.7963783002515048e-08,16,2025-10-06T13:02:45,5
12,2,10.0,2,100000,2,6,8.986941487096463e-09,13,2025-10-06T13:02:45,1
12,2,10.0,2,100000,2,8,1.0789560116469682e-08,13,2025-10-06T13:02:45,3
12,2,10.0,2,100000,2,9,1.689862982432622e-08,8,2025-10-06T13:02:45,6
12,2,10.0,2,100000,2,9,8.256771927149068e-09,16,2025-10-06T13:02:45,7
12,2,10.0,2,100000,2,8,7.981730696688022e-09,13,2025-10-06T13:02:45,9
12,2,10.0,2,100000,2,8,2.7665084502596065e-08,13,2025-10-06T13:02:45,10
12,2,10.0,2,100000,2,9,1.6627526123723104e-08,11,2025-10-06T13:02:45,2
12,2,10.0,2,100000,2,8,7.71503556620876e-09,7,2025-10-06T13:02:45,5
12,2,10.0,2,100000,2,9,4.4238703728225505e-09,10,2025-10-06T13:02:45,3
12,2,10.0,2,100000,2,7,4.706373708119406e-09,15,2025-10-06T13:02:45,0
12,2,10.0,2,100000,2,9,1.7694734610560904e-09,6,2025-10-06T13:02:45,9
12,2,10.0,2,100000,2,8,9.442217059537296e-09,15,2025-10-06T13:02:45,8
12,2,10.0,2,100000,2,7,2.454589722644859e-08,19,2025-10-06T13:02:45,1
12,2,10.0,2,100000,2,9,2.0000364125116107e-08,12,2025-10-06T13:02:45,10
12,2,10.0,2,100000,2,9,9.974194940541726e-09,14,2025-10-06T13:02:45,5
12,2,10.0,2,100000,2,8,1.5645132484555906e-08,14,2025-10-06T13:02:45,0
12,2,10.0,2,100000,2,9,1.3605539329343776e-08,17,2025-10-06T13:02:45,8
12,2,10.0,2,100000,2,8,2.0141004133259736e-08,14,2025-10-06T13:02:45,1
12,2,10.0,2,100000,2,9,1.5042019001074586e-08,12,2025-10-06T13:02:46,1
12,2,10.0,2,100000,2,9,2.7611757921790267e-08,19,2025-10-06T13:02:46,0
14,2,10.0,2,100000,2,0,3.9732956597729315e-09,9,2025-10-06T13:02:46,5
14,2,10.0,2,100000,2,0,1.7077626292258216e-08,9,2025-10-06T13:02:46,9
14,2,10.0,2,100000,2,0,1.031715179322926e-08,13,2025-10-06T13:02:46,8
14,2,10.0,2,100000,2,0,9.216369409007864e-09,13,2025-10-06T13:02:46,3
14,2,10.0,2,100000,2,0,1.1960896600644827e-08,14,2025-10-06T13:02:46,0
14,2,10.0,2,100000,2,0,3.923590650241472e-08,15,2025-10-06T13:02:46,1
14,2,10.0,2,100000,2,0,1.8031045017078294e-08,16,2025-10-06T13:02:46,2
14,2,10.0,2,100000,2,0,1.159196826541488e-08,16,2025-10-06T13:02:46,10
14,2,10.0,2,100000,2,0,1.708733269006511e-08,14,2025-10-06T13:02:46,7
14,2,10.0,2,100000,2,0,1.7854408303909403e-08,19,2025-10-06T13:02:46,6
14,2,10.0,2,100000,2,1,3.0160425716117345e-09,13,2025-10-06T13:02:46,5
14,2,10.0,2,100000,2,0,2.331603471331947e-08,22,2025-10-06T13:02:47,4
14,2,10.0,2,100000,2,1,1.8017877851512597e-08,17,2025-10-06T13:02:47,9
14,2,10.0,2,100000,2,1,1.0178340900510468e-08,11,2025-10-06T13:02:47,0
14,2,10.0,2,100000,2,1,1.1005063575082392e-08,10,2025-10-06T13:02:47,10
14,2,10.0,2,100000,2,1,1.4336076602699421e-08,14,2025-10-06T13:02:47,3
14,2,10.0,2,100000,2,1,4.555872153305803e-08,15,2025-10-06T13:02:47,8
14,2,10.0,2,100000,2,1,5.676815719911841e-09,16,2025-10-06T13:02:47,2
14,2,10.0,2,100000,2,1,4.617480993636269e-08,15,2025-10-06T13:02:47,1
14,2,10.0,2,100000,2,1,2.135399216755543e-08,14,2025-10-06T13:02:47,7
14,2,10.0,2,100000,2,2,7.092609703430586e-09,12,2025-10-06T13:02:47,5
14,2,10.0,2,100000,2,1,2.6948877685458024e-08,11,2025-10-06T13:02:47,4
14,2,10.0,2,100000,2,1,3.358530828374019e-08,14,2025-10-06T13:02:47,6
14,2,10.0,2,100000,2,2,1.2729997597557557e-09,6,2025-10-06T13:02:47,3
14,2,10.0,2,100000,2,3,4.845267487436844e-09,7,2025-10-06T13:02:47,5
14,2,10.0,2,100000,2,2,1.857658334596893e-08,13,2025-10-06T13:02:47,0
14,2,10.0,2,100000,2,2,9.89907036327807e-09,13,2025-10-06T13:02:47,9
14,2,10.0,2,100000,2,2,6.760078800328757e-08,15,2025-10-06T13:02:47,10
14,2,10.0,2,100000,2,2,1.1419110072128596e-08,12,2025-10-06T13:02:47,8
14,2,10.0,2,100000,2,2,3.69333396379948e-08,14,2025-10-06T13:02:47,7
14,2,10.0,2,100000,2,2,1.8243979911265865e-08,19,2025-10-06T13:02:47,2
14,2,10.0,2,100000,2,4,6.813998367559888e-09,10,2025-10-06T13:02:47,5
14,2,10.0,2,100000,2,2,2.7791031894540458e-08,18,2025-10-06T13:02:47,1
14,2,10.0,2,100000,2,2,9.668353800333807e-09,15,2025-10-06T13:02:47,4
14,2,10.0,2,100000,2,3,3.0959211335671485e-08,14,2025-10-06T13:02:47,0
14,2,10.0,2,100000,2,3,3.000448340677528e-08,17,2025-10-06T13:02:48,3
14,2,10.0,2,100000,2,2,3.741820452827213e-08,17,2025-10-06T13:02:48,6
14,2,10.0,2,100000,2,3,2.447039445558451e-08,15,2025-10-06T13:02:48,9
14,2,10.0,2,100000,2,3,2.0498338161050134e-08,17,2025-10-06T13:02:48,8
14,2,10.0,2,100000,2,3,1.5885983603621885e-08,13,2025-10-06T13:02:48,7
14,2,10.0,2,100000,2,3,1.3155272787555121e-08,11,2025-10-06T13:02:48,2
14,2,10.0,2,100000,2,3,4.266940068802883e-08,20,2025-10-06T13:02:48,10
14,2,10.0,2,100000,2,3,9.514307493985813e-10,8,2025-10-06T13:02:48,6
14,2,10.0,2,100000,2,4,2.583952257571232e-09,9,2025-10-06T13:02:48,3
14,2,10.0,2,100000,2,3,8.904935163192536e-09,12,2025-10-06T13:02:48,1
14,2,10.0,2,100000,2,5,3.687479135346928e-08,15,2025-10-06T13:02:48,5
14,2,10.0,2,100000,2,4,1.0603494852370243e-08,11,2025-10-06T13:02:48,0
14,2,10.0,2,100000,2,3,2.9529835920661327e-08,15,2025-10-06T13:02:48,4
14,2,10.0,2,100000,2,4,4.335293602834402e-08,14,2025-10-06T13:02:48,8
14,2,10.0,2,100000,2,4,3.437532469262262e-08,17,2025-10-06T13:02:48,9
14,2,10.0,2,100000,2,4,4.878033993026689e-08,17,2025-10-06T13:02:48,7
14,2,10.0,2,100000,2,6,5.824005411053143e-09,11,2025-10-06T13:02:48,5
14,2,10.0,2,100000,2,4,6.281204088622354e-08,15,2025-10-06T13:02:48,2
14,2,10.0,2,100000,2,4,1.726771420093347e-08,16,2025-10-06T13:02:48,6
14,2,10.0,2,100000,2,4,9.83688577843783e-08,16,2025-10-06T13:02:48,10
14,2,10.0,2,100000,2,5,2.8361600104786424e-08,18,2025-10-06T13:02:48,0
14,2,10.0,2,100000,2,7,1.661768272890697e-09,6,2025-10-06T13:02:48,5
14,2,10.0,2,100000,2,4,3.126521324056041e-08,17,2025-10-06T13:02:48,1
14,2,10.0,2,100000,2,5,6.584835704232807e-09,11,2025-10-06T13:02:48,9
14,2,10.0,2,100000,2,5,4.071929905005734e-08,23,2025-10-06T13:02:49,3
14,2,10.0,2,100000,2,4,1.258193243374806e-08,19,2025-10-06T13:02:49,4
14,2,10.0,2,100000,2,5,7.373208657683151e-09,17,2025-10-06T13:02:49,8
14,2,10.0,2,100000,2,5,1.2702919726819357e-08,14,2025-10-06T13:02:49,7
14,2,10.0,2,100000,2,5,1.6050472683458242e-08,13,2025-10-06T13:02:49,6
14,2,10.0,2,100000,2,5,5.002231000494318e-09,10,2025-10-06T13:02:49,1
14,2,10.0,2,100000,2,6,1.8208692116396054e-08,11,2025-10-06T13:02:49,0
14,2,10.0,2,100000,2,8,2.751950646328431e-08,11,2025-10-06T13:02:49,5
14,2,10.0,2,100000,2,5,1.4268935964416094e-08,14,2025-10-06T13:02:49,2
14,2,10.0,2,100000,2,5,1.5924000924653512e-08,15,2025-10-06T13:02:49,10
14,2,10.0,2,100000,2,6,5.2773844429695437e-08,11,2025-10-06T13:02:49,9
14,2,10.0,2,100000,2,5,6.907741472216908e-09,12,2025-10-06T13:02:49,4
14,2,10.0,2,100000,2,6,9.547428479621362e-09,12,2025-10-06T13:02:49,3
14,2,10.0,2,100000,2,6,1.2834234188052276e-08,12,2025-10-06T13:02:49,8
14,2,10.0,2,100000,2,6,5.424695363325374e-09,11,2025-10-06T13:02:49,1
14,2,10.0,2,100000,2,6,5.500009523988466e-08,12,2025-10-06T13:02:49,6
14,2,10.0,2,100000,2,6,3.066903128676605e-08,15,2025-10-06T13:02:49,7
14,2,10.0,2,100000,2,6,3.759548099537803e-09,5,2025-10-06T13:02:49,4
14,2,10.0,2,100000,2,7,8.435827841724193e-09,12,2025-10-06T13:02:49,0
14,2,10.0,2,100000,2,9,7.969595479894179e-09,15,2025-10-06T13:02:49,5
14,2,10.0,2,100000,2,7,1.6126144522351816e-08,11,2025-10-06T13:02:49,9
14,2,10.0,2,100000,2,6,1.9183997010930888e-08,16,2025-10-06T13:02:49,10
14,2,10.0,2,100000,2,6,2.00714072395449e-08,22,2025-10-06T13:02:49,2
14,2,10.0,2,100000,2,7,2.4465625597319986e-08,14,2025-10-06T13:02:49,3
14,2,10.0,2,100000,2,7,8.564751541095016e-09,14,2025-10-06T13:02:50,8
14,2,10.0,2,100000,2,8,5.11412257745032e-10,10,2025-10-06T13:02:50,0
14,2,10.0,2,100000,2,7,6.0087360232515115e-09,15,2025-10-06T13:02:50,1
14,2,10.0,2,100000,2,8,1.6764938129945056e-09,8,2025-10-06T13:02:50,9
14,2,10.0,2,100000,2,7,1.762902308338472e-08,14,2025-10-06T13:02:50,4
14,2,10.0,2,100000,2,7,2.0538464922446273e-08,17,2025-10-06T13:02:50,6
14,2,10.0,2,100000,2,7,4.0162774714282226e-08,18,2025-10-06T13:02:50,7
14,2,10.0,2,100000,2,7,2.2141463802426897e-08,12,2025-10-06T13:02:50,2
14,2,10.0,2,100000,2,8,8.207724673328266e-09,8,2025-10-06T13:02:50,6
14,2,10.0,2,100000,2,7,1.840472349564284e-08,14,2025-10-06T13:02:50,10
14,2,10.0,2,100000,2,8,2.6251406460660127e-08,11,2025-10-06T13:02:50,8
14,2,10.0,2,100000,2,8,4.544902945921102e-08,10,2025-10-06T13:02:50,4
14,2,10.0,2,100000,2,9,3.84446483396261e-08,11,2025-10-06T13:02:50,9
14,2,10.0,2,100000,2,8,4.446239334285134e-08,13,2025-10-06T13:02:50,1
14,2,10.0,2,100000,2,9,6.858830123030384e-09,8,2025-10-06T13:02:50,6
14,2,10.0,2,100000,2,8,3.413474522690435e-08,19,2025-10-06T13:02:50,3
14,2,10.0,2,100000,2,8,3.284775293194246e-09,7,2025-10-06T13:02:50,10
14,2,10.0,2,100000,2,9,1.6141194063840593e-08,18,2025-10-06T13:02:50,0
14,2,10.0,2,100000,2,8,1.1331814788151517e-08,14,2025-10-06T13:02:50,7
14,2,10.0,2,100000,2,9,8.384998715114637e-10,10,2025-10-06T13:02:50,8
14,2,10.0,2,100000,2,8,1.7082711405615384e-08,12,2025-10-06T13:02:50,2
14,2,10.0,2,100000,2,9,8.520001967386282e-09,7,2025-10-06T13:02:50,3
14,2,10.0,2,100000,2,9,1.607293245211725e-08,15,2025-10-06T13:02:50,4
14,2,10.0,2,100000,2,9,2.359193402570468e-08,15,2025-10-06T13:02:50,1
14,2,10.0,2,100000,2,9,1.4833801984680083e-09,10,2025-10-06T13:02:50,2
14,2,10.0,2,100000,2,9,4.1444285249113626e-08,16,2025-10-06T13:02:50,10
14,2,10.0,2,100000,2,9,3.891290421803118e-08,17,2025-10-06T13:02:51,7
16,2,10.0,2,100000,2,0,8.76969213014303e-09,14,2025-10-06T13:02:52,10
16,2,10.0,2,100000,2,0,2.2016277505892164e-08,13,2025-10-06T13:02:52,2
16,2,10.0,2,100000,2,0,1.2573388130435774e-08,13,2025-10-06T13:02:52,4
16,2,10.0,2,100000,2,0,1.6508317664864036e-08,15,2025-10-06T13:02:52,0
16,2,10.0,2,100000,2,0,1.9674391971185207e-08,18,2025-10-06T13:02:52,7
16,2,10.0,2,100000,2,0,4.251915519383705e-08,18,2025-10-06T13:02:52,8
16,2,10.0,2,100000,2,0,1.2476144186147059e-08,20,2025-10-06T13:02:52,6
16,2,10.0,2,100000,2,0,1.6586589322874365e-07,19,2025-10-06T13:02:52,9
16,2,10.0,2,100000,2,0,4.039226368988147e-08,21,2025-10-06T13:02:52,3
16,2,10.0,2,100000,2,0,3.326808569565105e-08,21,2025-10-06T13:02:52,1
16,2,10.0,2,100000,2,0,1.7670329208860332e-07,22,2025-10-06T13:02:52,5
16,2,10.0,2,100000,2,1,7.63578917869719e-09,14,2025-10-06T13:02:53,10
16,2,10.0,2,100000,2,1,5.96805870867053e-09,11,2025-10-06T13:02:53,7
16,2,10.0,2,100000,2,1,2.7602572779372672e-08,16,2025-10-06T13:02:53,4
16,2,10.0,2,100000,2,1,9.741464592362658e-09,12,2025-10-06T13:02:53,1
16,2,10.0,2,100000,2,1,2.3994304527774094e-08,15,2025-10-06T13:02:53,0
16,2,10.0,2,100000,2,1,3.466470865143944e-08,14,2025-10-06T13:02:53,9
16,2,10.0,2,100000,2,1,4.3314921510990525e-08,15,2025-10-06T13:02:54,3
16,2,10.0,2,100000,2,1,3.551745499243248e-08,15,2025-10-06T13:02:54,5
16,2,10.0,2,100000,2,1,3.461080274781211e-08,21,2025-10-06T13:02:54,8
16,2,10.0,2,100000,2,1,4.3108383232354476e-08,28,2025-10-06T13:02:54,2
16,2,10.0,2,100000,2,1,1.2718963805864823e-08,21,2025-10-06T13:02:54,6
16,2,10.0,2,100000,2,2,6.8284131661181355e-09,15,2025-10-06T13:02:54,10
16,2,10.0,2,100000,2,2,2.9755017841956995e-09,11,2025-10-06T13:02:54,7
16,2,10.0,2,100000,2,2,2.3182707226451207e-08,13,2025-10-06T13:02:54,0
16,2,10.0,2,100000,2,2,3.933018903749518e-09,14,2025-10-06T13:02:54,4
16,2,10.0,2,100000,2,2,1.1400610088281455e-08,14,2025-10-06T13:02:54,1
16,2,10.0,2,100000,2,2,2.4217753486140312e-08,13,2025-10-06T13:02:55,9
16,2,10.0,2,100000,2,2,2.6686878293361877e-08,13,2025-10-06T13:02:55,3
16,2,10.0,2,100000,2,2,1.993010713103281e-08,15,2025-10-06T13:02:55,2
16,2,10.0,2,100000,2,2,4.377125236184891e-08,17,2025-10-06T13:02:55,5
16,2,10.0,2,100000,2,2,2.447451043140884e-08,16,2025-10-06T13:02:55,6
16,2,10.0,2,100000,2,2,4.8272677871070304e-08,19,2025-10-06T13:02:55,8
16,2,10.0,2,100000,2,3,2.5645461056714273e-08,15,2025-10-06T13:02:55,10
16,2,10.0,2,100000,2,3,6.017616684725478e-08,18,2025-10-06T13:02:55,7
16,2,10.0,2,100000,2,3,1.0755477096494888e-09,10,2025-10-06T13:02:55,4
16,2,10.0,2,100000,2,3,9.279527319127788e-09,10,2025-10-06T13:02:56,8
16,2,10.0,2,100000,2,3,1.6769994844492536e-09,10,2025-10-06T13:02:56,6
16,2,10.0,2,100000,2,3,3.084395622880231e-08,15,2025-10-06T13:02:56,2
16,2,10.0,2,100000,2,3,5.554245859732977e-08,22,2025-10-06T13:02:56,9
16,2,10.0,2,100000,2,3,7.025165858255459e-08,25,2025-10-06T13:02:56,0
16,2,10.0,2,100000,2,3,7.477891167490165e-09,14,2025-10-06T13:02:56,5
16,2,10.0,2,100000,2,3,9.246432954390232e-08,25,2025-10-06T13:02:56,1
16,2,10.0,2,100000,2,4,1.099709621110812e-08,11,2025-10-06T13:02:57,10
16,2,10.0,2,100000,2,3,3.149572354866765e-08,21,2025-10-06T13:02:57,3
16,2,10.0,2,100000,2,4,4.2222054882787085e-08,18,2025-10-06T13:02:57,7
16,2,10.0,2,100000,2,4,4.753007083506271e-08,21,2025-10-06T13:02:57,4
16,2,10.0,2,100000,2,4,8.360522630674098e-09,11,2025-10-06T13:02:57,5
16,2,10.0,2,100000,2,4,1.2644056430785802e-08,15,2025-10-06T13:02:57,8
16,2,10.0,2,100000,2,4,1.165342678729687e-08,13,2025-10-06T13:02:57,9
16,2,10.0,2,100000,2,4,6.371465796644774e-08,17,2025-10-06T13:02:58,6
16,2,10.0,2,100000,2,4,9.65207681886601e-09,14,2025-10-06T13:02:58,0
16,2,10.0,2,100000,2,5,1.9779395579324847e-08,13,2025-10-06T13:02:58,10
16,2,10.0,2,100000,2,4,2.312799389727557e-08,17,2025-10-06T13:02:58,2
16,2,10.0,2,100000,2,4,4.1691061659166296e-08,16,2025-10-06T13:02:58,1
16,2,10.0,2,100000,2,4,2.774105659557355e-08,16,2025-10-06T13:02:58,3
16,2,10.0,2,100000,2,5,4.829009549046357e-08,13,2025-10-06T13:02:58,7
16,2,10.0,2,100000,2,5,5.913923502270488e-09,12,2025-10-06T13:02:58,8
16,2,10.0,2,100000,2,5,6.322478423750173e-08,19,2025-10-06T13:02:59,4
16,2,10.0,2,100000,2,5,7.540700104809723e-09,10,2025-10-06T13:02:59,0
16,2,10.0,2,100000,2,5,2.006495422084454e-08,16,2025-10-06T13:02:59,5
16,2,10.0,2,100000,2,5,1.12132777218197e-08,15,2025-10-06T13:02:59,9
16,2,10.0,2,100000,2,5,1.3792646981335055e-08,19,2025-10-06T13:02:59,6
16,2,10.0,2,100000,2,6,4.526164057880361e-08,20,2025-10-06T13:02:59,10
16,2,10.0,2,100000,2,5,4.119315001772223e-08,14,2025-10-06T13:02:59,3
16,2,10.0,2,100000,2,5,2.0906111635808246e-08,18,2025-10-06T13:02:59,2
16,2,10.0,2,100000,2,5,5.1808774370272954e-08,22,2025-10-06T13:03:00,1
16,2,10.0,2,100000,2,6,4.125709631366736e-08,19,2025-10-06T13:03:00,8
16,2,10.0,2,100000,2,6,7.890926864023686e-08,23,2025-10-06T13:03:00,7
16,2,10.0,2,100000,2,6,6.48249500507144e-08,15,2025-10-06T13:03:00,4
16,2,10.0,2,100000,2,6,1.230807640458588e-08,16,2025-10-06T13:03:00,5
16,2,10.0,2,100000,2,6,3.4055151257213997e-08,17,2025-10-06T13:03:00,0
16,2,10.0,2,100000,2,6,3.977333125571615e-08,18,2025-10-06T13:03:00,9
16,2,10.0,2,100000,2,6,2.3426988611175417e-08,12,2025-10-06T13:03:00,6
16,2,10.0,2,100000,2,6,9.604976145938803e-09,10,2025-10-06T13:03:00,3
16,2,10.0,2,100000,2,6,1.8758592432960066e-08,14,2025-10-06T13:03:01,2
16,2,10.0,2,100000,2,7,3.263357772595081e-08,18,2025-10-06T13:03:01,10
16,2,10.0,2,100000,2,7,3.8693606293779814e-08,14,2025-10-06T13:03:01,4
16,2,10.0,2,100000,2,6,5.0292136975793306e-08,18,2025-10-06T13:03:01,1
16,2,10.0,2,100000,2,7,6.736303355000113e-08,15,2025-10-06T13:03:01,7
16,2,10.0,2,100000,2,7,9.455038363985034e-09,14,2025-10-06T13:03:01,5
16,2,10.0,2,100000,2,7,7.189435594953106e-09,10,2025-10-06T13:03:01,3
16,2,10.0,2,100000,2,7,1.4904778514619462e-08,15,2025-10-06T13:03:02,0
16,2,10.0,2,100000,2,7,5.167973182725261e-08,24,2025-10-06T13:03:02,8
16,2,10.0,2,100000,2,7,8.326343567351696e-09,16,2025-10-06T13:03:02,6
16,2,10.0,2,100000,2,7,2.478975848141116e-08,20,2025-10-06T13:03:02,9
16,2,10.0,2,100000,2,7,1.5016743352764436e-08,16,2025-10-06T13:03:02,2
16,2,10.0,2,100000,2,8,4.3197840868808185e-09,11,2025-10-06T13:03:02,4
16,2,10.0,2,100000,2,7,2.0067821040677352e-08,13,2025-10-06T13:03:02,1
16,2,10.0,2,100000,2,8,1.1063273844735121e-08,14,2025-10-06T13:03:02,3
16,2,10.0,2,100000,2,8,3.371659167916025e-08,22,2025-10-06T13:03:03,10
16,2,10.0,2,100000,2,8,2.4283533155327993e-08,15,2025-10-06T13:03:03,5
16,2,10.0,2,100000,2,8,1.205599040117509e-08,13,2025-10-06T13:03:03,0
16,2,10.0,2,100000,2,9,1.0983214146018868e-08,13,2025-10-06T13:03:03,4
16,2,10.0,2,100000,2,8,2.223043108412804e-08,16,2025-10-06T13:03:03,8
16,2,10.0,2,100000,2,8,1.876765869226659e-08,16,2025-10-06T13:03:03,6
16,2,10.0,2,100000,2,8,4.600527551036384e-08,25,2025-10-06T13:03:03,7
16,2,10.0,2,100000,2,8,2.819060009865619e-08,17,2025-10-06T13:03:03,2
16,2,10.0,2,100000,2,8,1.3520824776886651e-08,19,2025-10-06T13:03:03,9
16,2,10.0,2,100000,2,8,2.718119206047813e-08,16,2025-10-06T13:03:03,1
16,2,10.0,2,100000,2,9,1.583929421061979e-08,11,2025-10-06T13:03:04,5
16,2,10.0,2,100000,2,9,6.02636453735128e-08,16,2025-10-06T13:03:04,3
16,2,10.0,2,100000,2,9,2.299738532156199e-08,17,2025-10-06T13:03:04,10
16,2,10.0,2,100000,2,9,1.3889161700001378e-08,16,2025-10-06T13:03:04,6
16,2,10.0,2,100000,2,9,1.4935280089752955e-08,14,2025-10-06T13:03:04,9
16,2,10.0,2,100000,2,9,2.7681035515136622e-08,13,2025-10-06T13:03:04,7
16,2,10.0,2,100000,2,9,4.4432968496626086e-08,24,2025-10-06T13:03:04,0
16,2,10.0,2,100000,2,9,1.0548652873724332e-07,16,2025-10-06T13:03:05,1
16,2,10.0,2,100000,2,9,3.6099049933226124e-08,21,2025-10-06T13:03:05,2
16,2,10.0,2,100000,2,9,1.1641312137484368e-07,26,2025-10-06T13:03:05,8
18,2,10.0,2,100000,2,0,6.186514430154672e-08,15,2025-10-06T13:03:08,3
18,2,10.0,2,100000,2,0,3.169768492756101e-08,17,2025-10-06T13:03:08,5
18,2,10.0,2,100000,2,0,5.5510179124795144e-08,15,2025-10-06T13:04:15,0
18,2,10.0,2,100000,2,0,2.4813301356260028e-08,13,2025-10-06T13:04:17,2
18,2,10.0,2,100000,2,0,2.8364140807566364e-08,15,2025-10-06T13:04:20,7
18,2,10.0,2,100000,2,0,1.2200990519199192e-07,19,2025-10-06T13:04:22,6
18,2,10.0,2,100000,2,0,4.9098802794931135e-08,18,2025-10-06T13:04:22,8
18,2,10.0,2,100000,2,0,1.6881530157559342e-08,15,2025-10-06T13:04:23,9
18,2,10.0,2,100000,2,0,6.84572163034536e-08,20,2025-10-06T13:04:24,4
18,2,10.0,2,100000,2,0,6.674819657569897e-08,18,2025-10-06T13:04:24,1
18,2,10.0,2,100000,2,0,3.251271190519148e-08,18,2025-10-06T13:04:25,10
18,2,10.0,2,100000,2,1,1.0332862077801612e-07,19,2025-10-06T13:04:27,5
18,2,10.0,2,100000,2,1,3.338786336817267e-08,24,2025-10-06T13:04:28,3
18,2,10.0,2,100000,2,1,1.5835959632815314e-08,15,2025-10-06T13:05:16,2
18,2,10.0,2,100000,2,1,5.364467677938285e-08,18,2025-10-06T13:05:18,0
18,2,10.0,2,100000,2,1,9.049945054278333e-08,14,2025-10-06T13:05:39,9
18,2,10.0,2,100000,2,1,5.209374864201163e-08,21,2025-10-06T13:05:41,7
18,2,10.0,2,100000,2,1,3.2492586023000755e-08,21,2025-10-06T13:05:41,8
18,2,10.0,2,100000,2,1,5.139825575301327e-08,19,2025-10-06T13:05:42,6
18,2,10.0,2,100000,2,1,6.416011991611524e-08,16,2025-10-06T13:05:46,10
18,2,10.0,2,100000,2,1,2.2915679012013817e-08,19,2025-10-06T13:05:47,4
18,2,10.0,2,100000,2,1,2.9012539163585883e-08,18,2025-10-06T13:05:48,1
18,2,10.0,2,100000,2,2,5.6988714445158764e-08,19,2025-10-06T13:05:50,3
18,2,10.0,2,100000,2,2,8.621966856655191e-08,25,2025-10-06T13:05:51,5
18,2,10.0,2,100000,2,2,1.1028315942414992e-08,14,2025-10-06T13:05:59,0
18,2,10.0,2,100000,2,2,1.0197105131785948e-07,21,2025-10-06T13:06:02,2
18,2,10.0,2,100000,2,2,6.09790194707656e-08,20,2025-10-06T13:06:54,9
18,2,10.0,2,100000,2,2,1.9499655480065057e-08,17,2025-10-06T13:06:58,8
18,2,10.0,2,100000,2,2,1.6413311565688318e-07,18,2025-10-06T13:06:58,7
18,2,10.0,2,100000,2,2,2.7044099842259016e-08,15,2025-10-06T13:06:59,10
18,2,10.0,2,100000,2,2,7.151627381065504e-08,19,2025-10-06T13:06:59,6
18,2,10.0,2,100000,2,3,1.102188344854764e-08,13,2025-10-06T13:07:01,3
18,2,10.0,2,100000,2,2,3.945291119994887e-08,19,2025-10-06T13:07:02,4
18,2,10.0,2,100000,2,2,8.572637268435758e-08,19,2025-10-06T13:07:02,1
18,2,10.0,2,100000,2,3,5.829510304065729e-08,20,2025-10-06T13:07:04,5
18,2,10.0,2,100000,2,3,3.419168167084839e-08,17,2025-10-06T13:07:04,0
18,2,10.0,2,100000,2,3,1.4291335831131087e-07,23,2025-10-06T13:07:05,2
18,2,10.0,2,100000,2,3,3.203081876016417e-08,15,2025-10-06T13:07:06,10
18,2,10.0,2,100000,2,3,3.962024795624671e-08,11,2025-10-06T13:07:06,4
18,2,10.0,2,100000,2,3,6.168249341626899e-09,17,2025-10-06T13:07:11,9
18,2,10.0,2,100000,2,3,8.253230336233898e-08,18,2025-10-06T13:07:29,7
18,2,10.0,2,100000,2,3,2.6755097283797103e-08,19,2025-10-06T13:07:42,6
18,2,10.0,2,100000,2,3,9.282184691027426e-08,21,2025-10-06T13:07:43,8
18,2,10.0,2,100000,2,4,6.441242109408281e-08,16,2025-10-06T13:07:47,0
18,2,10.0,2,100000,2,3,7.989296199147993e-08,22,2025-10-06T13:07:50,1
18,2,10.0,2,100000,2,4,1.7208890672854257e-08,15,2025-10-06T13:07:52,2
18,2,10.0,2,100000,2,4,6.03459326299599e-08,20,2025-10-06T13:07:52,5
18,2,10.0,2,100000,2,4,1.2200259126003804e-07,30,2025-10-06T13:07:54,3
18,2,10.0,2,100000,2,4,2.8186172686867846e-09,14,2025-10-06T13:07:55,6
18,2,10.0,2,100000,2,4,1.796917546455169e-08,20,2025-10-06T13:07:56,10
18,2,10.0,2,100000,2,4,9.978419950061876e-09,15,2025-10-06T13:07:56,8
18,2,10.0,2,100000,2,4,5.2988987907289804e-08,23,2025-10-06T13:07:57,4
18,2,10.0,2,100000,2,4,1.0494461339070963e-07,19,2025-10-06T13:07:57,9
18,2,10.0,2,100000,2,4,4.698920189101006e-08,29,2025-10-06T13:08:01,7
18,2,10.0,2,100000,2,5,1.664409162117245e-08,13,2025-10-06T13:08:23,2
18,2,10.0,2,100000,2,5,1.267879199339512e-07,22,2025-10-06T13:08:30,0
18,2,10.0,2,100000,2,5,3.813593618423001e-08,15,2025-10-06T13:08:36,5
18,2,10.0,2,100000,2,4,6.65772352639101e-08,20,2025-10-06T13:08:39,1
18,2,10.0,2,100000,2,5,4.3888758807138495e-08,17,2025-10-06T13:08:41,3
18,2,10.0,2,100000,2,6,3.2515644763535004e-08,18,2025-10-06T13:08:45,2
18,2,10.0,2,100000,2,5,4.1880445278602346e-08,18,2025-10-06T13:08:46,10
18,2,10.0,2,100000,2,5,5.7808020226590634e-08,22,2025-10-06T13:08:48,8
18,2,10.0,2,100000,2,5,2.4988083978964948e-08,19,2025-10-06T13:08:49,9
18,2,10.0,2,100000,2,5,9.683145238849318e-08,24,2025-10-06T13:08:49,6
18,2,10.0,2,100000,2,5,6.618226058794806e-08,23,2025-10-06T13:08:49,4
18,2,10.0,2,100000,2,5,4.712336873708986e-08,19,2025-10-06T13:08:50,7
18,2,10.0,2,100000,2,6,2.0869525426751582e-08,9,2025-10-06T13:08:53,4
18,2,10.0,2,100000,2,6,4.6617316340096554e-08,17,2025-10-06T13:08:57,8
18,2,10.0,2,100000,2,6,3.4342895172821034e-08,21,2025-10-06T13:08:57,0
18,2,10.0,2,100000,2,6,5.006721739027155e-08,18,2025-10-06T13:09:04,5
18,2,10.0,2,100000,2,5,1.5268395959283542e-07,22,2025-10-06T13:09:28,1
18,2,10.0,2,100000,2,6,8.044018194000943e-08,22,2025-10-06T13:09:34,3
18,2,10.0,2,100000,2,6,1.885936291784449e-08,14,2025-10-06T13:09:35,9
18,2,10.0,2,100000,2,7,3.629396588474976e-08,19,2025-10-06T13:09:36,2
18,2,10.0,2,100000,2,6,8.028715745553424e-08,21,2025-10-06T13:09:38,10
18,2,10.0,2,100000,2,6,2.885124969724637e-08,12,2025-10-06T13:09:38,7
18,2,10.0,2,100000,2,6,3.373935182301765e-08,22,2025-10-06T13:09:44,6
18,2,10.0,2,100000,2,7,3.473575309519307e-08,18,2025-10-06T13:09:47,4
18,2,10.0,2,100000,2,7,1.83612505241466e-08,15,2025-10-06T13:09:49,0
18,2,10.0,2,100000,2,7,2.696182866603348e-08,17,2025-10-06T13:09:49,3
18,2,10.0,2,100000,2,7,8.586657468498146e-08,20,2025-10-06T13:09:49,8
18,2,10.0,2,100000,2,7,3.865899924872796e-08,16,2025-10-06T13:09:50,5
18,2,10.0,2,100000,2,8,1.5722206203915853e-08,11,2025-10-06T13:09:51,4
18,2,10.0,2,100000,2,8,2.3699546683141473e-08,16,2025-10-06T13:10:07,2
18,2,10.0,2,100000,2,7,1.129948618688853e-08,14,2025-10-06T13:10:08,7
18,2,10.0,2,100000,2,9,1.956637721986386e-08,13,2025-10-06T13:10:24,2
18,2,10.0,2,100000,2,7,1.6422344872862215e-08,19,2025-10-06T13:10:29,10
18,2,10.0,2,100000,2,6,3.622230768335319e-08,28,2025-10-06T13:10:30,1
18,2,10.0,2,100000,2,7,3.179315828588676e-08,25,2025-10-06T13:10:33,9
18,2,10.0,2,100000,2,7,2.545962830076352e-08,20,2025-10-06T13:10:35,6
18,2,10.0,2,100000,2,8,1.5214716530427152e-08,15,2025-10-06T13:10:39,0
18,2,10.0,2,100000,2,8,1.2344608991869038e-07,18,2025-10-06T13:10:39,8
18,2,10.0,2,100000,2,8,3.3043607251390874e-08,9,2025-10-06T13:10:40,10
18,2,10.0,2,100000,2,8,3.126589728291402e-08,17,2025-10-06T13:10:40,3
18,2,10.0,2,100000,2,9,1.2344017991027044e-08,12,2025-10-06T13:10:40,4
18,2,10.0,2,100000,2,8,1.1939856508762466e-07,20,2025-10-06T13:10:41,5
18,2,10.0,2,100000,2,7,3.322812795132441e-08,13,2025-10-06T13:10:42,1
18,2,10.0,2,100000,2,8,9.460144462537664e-08,16,2025-10-06T13:10:43,7
18,2,10.0,2,100000,2,9,7.073204076982566e-08,20,2025-10-06T13:10:46,8
18,2,10.0,2,100000,2,8,5.486191048413536e-08,16,2025-10-06T13:10:47,9
18,2,10.0,2,100000,2,8,3.228827214680335e-08,22,2025-10-06T13:11:05,6
18,2,10.0,2,100000,2,9,5.2129721068242134e-08,18,2025-10-06T13:11:06,0
18,2,10.0,2,100000,2,9,3.511769918437525e-08,15,2025-10-06T13:11:07,5
18,2,10.0,2,100000,2,9,4.0181435208970913e-08,20,2025-10-06T13:11:10,10
18,2,10.0,2,100000,2,9,5.7279638130761894e-08,20,2025-10-06T13:11:11,3
18,2,10.0,2,100000,2,8,1.905364487065087e-08,18,2025-10-06T13:11:11,1
18,2,10.0,2,100000,2,9,6.04076331653857e-08,24,2025-10-06T13:11:11,7
18,2,10.0,2,100000,2,9,9.079743168306279e-08,24,2025-10-06T13:11:12,9
18,2,10.0,2,100000,2,9,6.81429534227435e-08,15,2025-10-06T13:11:14,6
18,2,10.0,2,100000,2,9,2.1329101115607263e-08,17,2025-10-06T13:11:14,1