n,k,t,l,r,p,rep,norm,active_count,timestamp,worker
6,4,10.0,1,100000,2,0,5.107365104401045e-06,5,2025-10-25T12:53:01,0
6,4,10.0,1,100000,2,0,1.070697710952599e-05,7,2025-10-25T12:53:01,1
6,4,10.0,1,100000,2,0,1.2566952459554582e-05,6,2025-10-25T12:53:01,2
6,4,10.0,1,100000,2,1,8.034322221068115e-06,5,2025-10-25T12:53:01,0
6,4,10.0,1,100000,2,1,8.301631517085893e-06,3,2025-10-25T12:53:01,1
6,4,10.0,1,100000,2,0,1.4963884410952971e-05,12,2025-10-25T12:53:01,3
6,4,10.0,1,100000,2,0,8.953773275517883e-06,5,2025-10-25T12:53:01,5
6,4,10.0,1,100000,2,1,8.067343457391555e-06,5,2025-10-25T12:53:01,2
6,4,10.0,1,100000,2,0,7.092208591331692e-06,6,2025-10-25T12:53:01,4
6,4,10.0,1,100000,2,2,2.3534976546266752e-07,3,2025-10-25T12:53:01,1
6,4,10.0,1,100000,2,0,6.1834453421053805e-06,4,2025-10-25T12:53:01,7
6,4,10.0,1,100000,2,0,6.0967051713629975e-06,6,2025-10-25T12:53:01,6
6,4,10.0,1,100000,2,1,8.173781590873876e-08,3,2025-10-25T12:53:01,5
6,4,10.0,1,100000,2,2,1.1380404310498208e-06,8,2025-10-25T12:53:01,0
6,4,10.0,1,100000,2,1,3.94899717310113e-06,5,2025-10-25T12:53:01,3
6,4,10.0,1,100000,2,1,2.235925222039489e-06,3,2025-10-25T12:53:01,4
6,4,10.0,1,100000,2,0,2.4312546963797596e-07,5,2025-10-25T12:53:01,8
6,4,10.0,1,100000,2,1,8.036496706825302e-06,5,2025-10-25T12:53:01,7
6,4,10.0,1,100000,2,0,3.204557398178383e-06,7,2025-10-25T12:53:01,10
6,4,10.0,1,100000,2,3,7.953535910843714e-06,3,2025-10-25T12:53:01,0
6,4,10.0,1,100000,2,2,7.466358181024828e-06,9,2025-10-25T12:53:01,2
6,4,10.0,1,100000,2,3,7.911146859022697e-06,7,2025-10-25T12:53:01,1
6,4,10.0,1,100000,2,1,6.2338601701021715e-06,6,2025-10-25T12:53:01,6
6,4,10.0,1,100000,2,0,5.533540480560667e-06,8,2025-10-25T12:53:01,9
6,4,10.0,1,100000,2,2,4.123606070206818e-06,9,2025-10-25T12:53:01,5
6,4,10.0,1,100000,2,2,1.1152091023222479e-05,7,2025-10-25T12:53:01,3
6,4,10.0,1,100000,2,4,8.065874032933297e-07,3,2025-10-25T12:53:01,0
6,4,10.0,1,100000,2,2,9.303646093806466e-07,6,2025-10-25T12:53:01,4
6,4,10.0,1,100000,2,1,4.796063588548467e-06,7,2025-10-25T12:53:01,8
6,4,10.0,1,100000,2,3,4.407907238226923e-06,5,2025-10-25T12:53:01,2
6,4,10.0,1,100000,2,1,6.268175462908778e-06,6,2025-10-25T12:53:01,10
6,4,10.0,1,100000,2,5,7.959288535303274e-07,6,2025-10-25T12:53:01,0
6,4,10.0,1,100000,2,4,3.796032612972566e-06,6,2025-10-25T12:53:01,1
6,4,10.0,1,100000,2,2,1.3264041215074648e-05,9,2025-10-25T12:53:01,7
6,4,10.0,1,100000,2,6,1.736069968147219e-07,3,2025-10-25T12:53:01,0
6,4,10.0,1,100000,2,3,5.992755058972655e-06,4,2025-10-25T12:53:01,3
6,4,10.0,1,100000,2,3,1.2646281228625484e-05,4,2025-10-25T12:53:01,5
6,4,10.0,1,100000,2,7,8.715649411699621e-06,6,2025-10-25T12:53:01,0
6,4,10.0,1,100000,2,8,5.845138932987043e-06,5,2025-10-25T12:53:01,0
6,4,10.0,1,100000,2,1,8.523848979468982e-06,7,2025-10-25T12:53:01,9
6,4,10.0,1,100000,2,2,1.7840288039502076e-05,8,2025-10-25T12:53:01,6
6,4,10.0,1,100000,2,4,2.0268082347983665e-06,5,2025-10-25T12:53:01,2
6,4,10.0,1,100000,2,9,1.236458371261518e-05,7,2025-10-25T12:53:01,0
6,4,10.0,1,100000,2,4,2.0544922429299248e-07,4,2025-10-25T12:53:01,5
6,4,10.0,1,100000,2,2,6.471405947471457e-06,6,2025-10-25T12:53:01,8
6,4,10.0,1,100000,2,3,5.568042297666923e-07,8,2025-10-25T12:53:01,4
6,4,10.0,1,100000,2,5,6.752079889222581e-06,7,2025-10-25T12:53:01,2
6,4,10.0,1,100000,2,5,4.166462276279883e-06,5,2025-10-25T12:53:01,1
6,4,10.0,1,100000,2,5,2.027896236415264e-08,3,2025-10-25T12:53:01,5
6,4,10.0,1,100000,2,2,7.70961317837772e-06,3,2025-10-25T12:53:01,10
6,4,10.0,1,100000,2,3,1.776721783723941e-06,4,2025-10-25T12:53:01,7
6,4,10.0,1,100000,2,6,1.676608312680446e-05,5,2025-10-25T12:53:01,2
6,4,10.0,1,100000,2,6,3.3531038060630275e-06,5,2025-10-25T12:53:01,1
6,4,10.0,1,100000,2,6,6.480055024854166e-08,3,2025-10-25T12:53:01,5
6,4,10.0,1,100000,2,4,6.934929571989744e-06,4,2025-10-25T12:53:01,3
6,4,10.0,1,100000,2,7,3.2260159027951628e-06,7,2025-10-25T12:53:01,1
6,4,10.0,1,100000,2,7,5.072040656467674e-06,8,2025-10-25T12:53:01,2
6,4,10.0,1,100000,2,7,1.0787256123260333e-05,8,2025-10-25T12:53:01,5
6,4,10.0,1,100000,2,8,3.981909881960844e-06,4,2025-10-25T12:53:01,2
6,4,10.0,1,100000,2,8,1.0481754108632227e-05,6,2025-10-25T12:53:01,5
6,4,10.0,1,100000,2,8,9.751980386734542e-06,9,2025-10-25T12:53:01,1
6,4,10.0,1,100000,2,3,4.203026340740856e-06,7,2025-10-25T12:53:01,6
6,4,10.0,1,100000,2,4,1.3525058852821478e-05,5,2025-10-25T12:53:01,4
6,4,10.0,1,100000,2,9,1.2283169845093573e-06,5,2025-10-25T12:53:01,2
6,4,10.0,1,100000,2,9,1.1648544573449842e-06,4,2025-10-25T12:53:01,5
6,4,10.0,1,100000,2,9,3.987978565334302e-06,4,2025-10-25T12:53:01,1
6,4,10.0,1,100000,2,2,9.35151101577482e-06,4,2025-10-25T12:53:01,9
6,4,10.0,1,100000,2,3,7.772687229925419e-06,7,2025-10-25T12:53:01,10
6,4,10.0,1,100000,2,4,1.5843150175126506e-06,7,2025-10-25T12:53:01,7
6,4,10.0,1,100000,2,4,2.7644163429403014e-06,6,2025-10-25T12:53:01,10
6,4,10.0,1,100000,2,3,7.772077513857284e-06,8,2025-10-25T12:53:01,8
6,4,10.0,1,100000,2,5,2.061281346787392e-06,8,2025-10-25T12:53:01,3
6,4,10.0,1,100000,2,6,3.8771628238331995e-06,4,2025-10-25T12:53:01,3
6,4,10.0,1,100000,2,7,6.122482745849263e-07,4,2025-10-25T12:53:01,3
6,4,10.0,1,100000,2,8,1.0010502100920977e-06,4,2025-10-25T12:53:01,3
6,4,10.0,1,100000,2,4,4.324713205230441e-06,6,2025-10-25T12:53:01,8
6,4,10.0,1,100000,2,9,9.734340264958735e-06,7,2025-10-25T12:53:01,3
6,4,10.0,1,100000,2,5,4.865593475528684e-06,7,2025-10-25T12:53:01,10
6,4,10.0,1,100000,2,4,1.6325707931579843e-05,8,2025-10-25T12:53:01,6
6,4,10.0,1,100000,2,5,2.3670427663635883e-06,6,2025-10-25T12:53:01,4
6,4,10.0,1,100000,2,5,9.136582268820033e-06,8,2025-10-25T12:53:01,7
6,4,10.0,1,100000,2,5,1.132957421639014e-05,7,2025-10-25T12:53:01,6
6,4,10.0,1,100000,2,6,1.8493443292340515e-05,11,2025-10-25T12:53:01,4
6,4,10.0,1,100000,2,3,1.2276385150033967e-05,7,2025-10-25T12:53:01,9
6,4,10.0,1,100000,2,4,4.307526788996821e-06,5,2025-10-25T12:53:01,9
6,4,10.0,1,100000,2,6,8.885766214492851e-06,11,2025-10-25T12:53:01,7
6,4,10.0,1,100000,2,7,5.133730917974252e-06,5,2025-10-25T12:53:01,4
6,4,10.0,1,100000,2,6,1.3252462796243247e-05,7,2025-10-25T12:53:01,10
6,4,10.0,1,100000,2,6,1.4206304427533462e-05,9,2025-10-25T12:53:01,6
6,4,10.0,1,100000,2,5,8.83713673788759e-06,9,2025-10-25T12:53:01,8
6,4,10.0,1,100000,2,6,4.104333499281103e-06,8,2025-10-25T12:53:01,8
6,4,10.0,1,100000,2,8,1.0267393952910418e-05,6,2025-10-25T12:53:01,4
6,4,10.0,1,100000,2,5,4.979696359271076e-06,6,2025-10-25T12:53:01,9
6,4,10.0,1,100000,2,7,1.4388100236107621e-06,3,2025-10-25T12:53:01,10
6,4,10.0,1,100000,2,6,3.5281261803365463e-06,6,2025-10-25T12:53:01,9
6,4,10.0,1,100000,2,7,4.803248610634244e-06,6,2025-10-25T12:53:01,9
6,4,10.0,1,100000,2,7,2.2365068517869865e-05,8,2025-10-25T12:53:01,6
6,4,10.0,1,100000,2,8,9.528842769717648e-06,7,2025-10-25T12:53:01,10
6,4,10.0,1,100000,2,8,1.1092579880986843e-05,6,2025-10-25T12:53:01,6
6,4,10.0,1,100000,2,7,1.7288748215767027e-06,6,2025-10-25T12:53:01,7
6,4,10.0,1,100000,2,7,9.824762215785403e-06,8,2025-10-25T12:53:01,8
6,4,10.0,1,100000,2,9,2.355876485577226e-05,8,2025-10-25T12:53:01,4
6,4,10.0,1,100000,2,8,1.653221903440258e-05,7,2025-10-25T12:53:01,9
6,4,10.0,1,100000,2,9,2.1742906665395718e-05,6,2025-10-25T12:53:01,9
6,4,10.0,1,100000,2,8,1.1142352203526773e-06,4,2025-10-25T12:53:01,8
6,4,10.0,1,100000,2,8,6.929185105446146e-06,6,2025-10-25T12:53:01,7
6,4,10.0,1,100000,2,9,6.372770460446901e-08,2,2025-10-25T12:53:01,8
6,4,10.0,1,100000,2,9,1.1662519666965407e-05,6,2025-10-25T12:53:01,7
6,4,10.0,1,100000,2,9,8.646442854469275e-06,8,2025-10-25T12:53:01,10
6,4,10.0,1,100000,2,9,4.6381350215928125e-06,7,2025-10-25T12:53:01,6
8,4,10.0,1,100000,2,0,9.934428141277e-06,4,2025-10-25T12:53:01,7
8,4,10.0,1,100000,2,0,6.340910437814841e-06,4,2025-10-25T12:53:01,4
8,4,10.0,1,100000,2,0,2.097646182177808e-06,5,2025-10-25T12:53:01,5
8,4,10.0,1,100000,2,0,8.521039838285857e-06,6,2025-10-25T12:53:01,2
8,4,10.0,1,100000,2,0,4.179266212590328e-06,6,2025-10-25T12:53:01,1
8,4,10.0,1,100000,2,0,1.676022301456354e-05,7,2025-10-25T12:53:01,9
8,4,10.0,1,100000,2,0,1.4438567553689126e-05,8,2025-10-25T12:53:01,6
8,4,10.0,1,100000,2,0,1.1130631891659347e-05,9,2025-10-25T12:53:01,10
8,4,10.0,1,100000,2,0,1.2569996922325705e-05,10,2025-10-25T12:53:01,3
8,4,10.0,1,100000,2,0,2.9125983424696955e-05,11,2025-10-25T12:53:01,0
8,4,10.0,1,100000,2,1,1.869449503139043e-05,5,2025-10-25T12:53:01,5
8,4,10.0,1,100000,2,0,2.0986112862246786e-05,13,2025-10-25T12:53:01,8
8,4,10.0,1,100000,2,1,1.5111528956317734e-05,6,2025-10-25T12:53:01,7
8,4,10.0,1,100000,2,1,1.1644667004757112e-05,10,2025-10-25T12:53:01,4
8,4,10.0,1,100000,2,1,7.421792009518371e-06,8,2025-10-25T12:53:01,3
8,4,10.0,1,100000,2,1,2.5180519594090364e-06,8,2025-10-25T12:53:01,6
8,4,10.0,1,100000,2,1,4.0706315638896115e-06,9,2025-10-25T12:53:01,2
8,4,10.0,1,100000,2,1,2.8685969694042667e-05,13,2025-10-25T12:53:01,1
8,4,10.0,1,100000,2,1,3.6862951667049747e-06,6,2025-10-25T12:53:01,9
8,4,10.0,1,100000,2,1,1.4964681588192249e-05,7,2025-10-25T12:53:01,10
8,4,10.0,1,100000,2,2,8.370107818002425e-06,7,2025-10-25T12:53:01,7
8,4,10.0,1,100000,2,2,1.2931820338903956e-05,6,2025-10-25T12:53:01,4
8,4,10.0,1,100000,2,1,5.982707666311466e-06,5,2025-10-25T12:53:01,8
8,4,10.0,1,100000,2,2,1.300816444024036e-05,7,2025-10-25T12:53:01,9
8,4,10.0,1,100000,2,2,1.9895484422770254e-05,10,2025-10-25T12:53:01,6
8,4,10.0,1,100000,2,3,1.1340882817507108e-05,8,2025-10-25T12:53:01,9
8,4,10.0,1,100000,2,2,1.5598537285591505e-05,9,2025-10-25T12:53:01,10
8,4,10.0,1,100000,2,2,1.9710569092713298e-05,14,2025-10-25T12:53:01,5
8,4,10.0,1,100000,2,3,3.841132138186745e-06,5,2025-10-25T12:53:01,4
8,4,10.0,1,100000,2,1,3.25066534601881e-05,11,2025-10-25T12:53:01,0
8,4,10.0,1,100000,2,2,2.826909497238993e-05,11,2025-10-25T12:53:01,2
8,4,10.0,1,100000,2,3,5.602796082669231e-06,4,2025-10-25T12:53:01,5
8,4,10.0,1,100000,2,2,3.4212766181599455e-06,5,2025-10-25T12:53:01,0
8,4,10.0,1,100000,2,3,1.5901024502898359e-06,5,2025-10-25T12:53:01,7
8,4,10.0,1,100000,2,2,1.9349944386020222e-05,14,2025-10-25T12:53:01,3
8,4,10.0,1,100000,2,2,2.0372992704768618e-05,12,2025-10-25T12:53:01,1
8,4,10.0,1,100000,2,2,1.0255127931418566e-05,10,2025-10-25T12:53:01,8
8,4,10.0,1,100000,2,3,8.52154212564935e-06,9,2025-10-25T12:53:01,6
8,4,10.0,1,100000,2,4,1.1824121745945203e-05,5,2025-10-25T12:53:01,7
8,4,10.0,1,100000,2,3,1.7104242474274885e-05,5,2025-10-25T12:53:01,8
8,4,10.0,1,100000,2,4,1.0235376255984688e-05,8,2025-10-25T12:53:01,4
8,4,10.0,1,100000,2,4,1.835337420486538e-05,9,2025-10-25T12:53:01,9
8,4,10.0,1,100000,2,3,1.579705834570392e-05,5,2025-10-25T12:53:01,3
8,4,10.0,1,100000,2,4,2.559087998099629e-05,6,2025-10-25T12:53:01,5
8,4,10.0,1,100000,2,5,2.293062729826767e-05,6,2025-10-25T12:53:01,7
8,4,10.0,1,100000,2,3,2.510388777218497e-05,12,2025-10-25T12:53:01,2
8,4,10.0,1,100000,2,3,3.5116473263001814e-05,14,2025-10-25T12:53:01,10
8,4,10.0,1,100000,2,4,1.8202899948869068e-05,8,2025-10-25T12:53:01,6
8,4,10.0,1,100000,2,3,2.1762652226407536e-05,13,2025-10-25T12:53:01,0
8,4,10.0,1,100000,2,4,1.057737017687321e-05,7,2025-10-25T12:53:01,8
8,4,10.0,1,100000,2,3,7.2163100632883576e-06,10,2025-10-25T12:53:01,1
8,4,10.0,1,100000,2,5,1.3918551015175571e-05,8,2025-10-25T12:53:01,4
8,4,10.0,1,100000,2,4,1.1472062622255407e-05,6,2025-10-25T12:53:01,2
8,4,10.0,1,100000,2,5,9.38199034848779e-06,9,2025-10-25T12:53:01,9
8,4,10.0,1,100000,2,4,3.5757721749637605e-05,10,2025-10-25T12:53:01,3
8,4,10.0,1,100000,2,5,2.735956264978368e-07,5,2025-10-25T12:53:01,8
8,4,10.0,1,100000,2,4,6.897081568365474e-06,7,2025-10-25T12:53:01,10
8,4,10.0,1,100000,2,6,1.0571918142626842e-05,10,2025-10-25T12:53:01,7
8,4,10.0,1,100000,2,4,7.757159751040913e-06,6,2025-10-25T12:53:01,0
8,4,10.0,1,100000,2,6,4.989525766487869e-06,7,2025-10-25T12:53:01,4
8,4,10.0,1,100000,2,4,1.617194461005733e-05,8,2025-10-25T12:53:01,1
8,4,10.0,1,100000,2,5,1.2697850094334562e-05,10,2025-10-25T12:53:01,6
8,4,10.0,1,100000,2,5,2.3297401401865808e-05,16,2025-10-25T12:53:01,5
8,4,10.0,1,100000,2,6,7.972274597600713e-06,4,2025-10-25T12:53:01,9
8,4,10.0,1,100000,2,7,7.338544356650817e-07,6,2025-10-25T12:53:01,9
8,4,10.0,1,100000,2,6,7.853340746902036e-06,9,2025-10-25T12:53:01,8
8,4,10.0,1,100000,2,7,1.0624255956229565e-05,8,2025-10-25T12:53:01,7
8,4,10.0,1,100000,2,5,1.3103082848392068e-05,9,2025-10-25T12:53:01,3
8,4,10.0,1,100000,2,5,1.519430413546059e-05,13,2025-10-25T12:53:01,2
8,4,10.0,1,100000,2,5,2.766437329392448e-05,13,2025-10-25T12:53:01,10
8,4,10.0,1,100000,2,8,1.9375520558651113e-05,10,2025-10-25T12:53:01,9
8,4,10.0,1,100000,2,5,4.199252532467695e-06,6,2025-10-25T12:53:01,1
8,4,10.0,1,100000,2,7,8.935489209749096e-06,8,2025-10-25T12:53:01,4
8,4,10.0,1,100000,2,5,1.609132249107826e-05,5,2025-10-25T12:53:01,0
8,4,10.0,1,100000,2,9,1.1538985664380587e-05,5,2025-10-25T12:53:01,9
8,4,10.0,1,100000,2,8,1.2243976499061356e-05,6,2025-10-25T12:53:01,4
8,4,10.0,1,100000,2,6,8.591299360290083e-06,5,2025-10-25T12:53:01,6
8,4,10.0,1,100000,2,6,7.4941862418438275e-06,11,2025-10-25T12:53:01,5
8,4,10.0,1,100000,2,9,3.850497974169497e-06,4,2025-10-25T12:53:01,4
8,4,10.0,1,100000,2,6,7.83821778461406e-06,5,2025-10-25T12:53:01,1
8,4,10.0,1,100000,2,6,1.5718568904599646e-05,10,2025-10-25T12:53:01,2
8,4,10.0,1,100000,2,6,1.7671879328011688e-05,10,2025-10-25T12:53:01,0
8,4,10.0,1,100000,2,6,2.1172658099580413e-06,6,2025-10-25T12:53:01,3
8,4,10.0,1,100000,2,6,1.016311042299813e-05,7,2025-10-25T12:53:01,10
8,4,10.0,1,100000,2,8,6.200446269795425e-06,10,2025-10-25T12:53:01,7
8,4,10.0,1,100000,2,7,9.675906755069379e-06,7,2025-10-25T12:53:01,8
8,4,10.0,1,100000,2,7,1.7981855540458142e-05,7,2025-10-25T12:53:01,0
8,4,10.0,1,100000,2,7,7.411371853085749e-06,7,2025-10-25T12:53:01,5
8,4,10.0,1,100000,2,8,2.468084599578525e-05,8,2025-10-25T12:53:01,8
8,4,10.0,1,100000,2,9,1.6674351076021055e-05,7,2025-10-25T12:53:01,8
8,4,10.0,1,100000,2,7,2.9477284918688173e-05,7,2025-10-25T12:53:01,1
8,4,10.0,1,100000,2,7,2.6178914891510877e-05,10,2025-10-25T12:53:01,6
8,4,10.0,1,100000,2,9,1.644351807527099e-05,7,2025-10-25T12:53:01,7
8,4,10.0,1,100000,2,7,3.106637092952289e-05,12,2025-10-25T12:53:01,2
8,4,10.0,1,100000,2,7,1.2663807808152634e-05,8,2025-10-25T12:53:01,10
8,4,10.0,1,100000,2,7,4.104948113983316e-05,13,2025-10-25T12:53:01,3
8,4,10.0,1,100000,2,8,1.1028894345304411e-05,8,2025-10-25T12:53:01,1
8,4,10.0,1,100000,2,8,3.808031085376252e-06,7,2025-10-25T12:53:01,5
8,4,10.0,1,100000,2,8,1.9313915514756924e-05,12,2025-10-25T12:53:02,6
8,4,10.0,1,100000,2,8,1.0668678143851295e-05,6,2025-10-25T12:53:02,10
8,4,10.0,1,100000,2,8,2.181016783749675e-05,11,2025-10-25T12:53:02,0
8,4,10.0,1,100000,2,9,3.367243778948131e-06,4,2025-10-25T12:53:02,1
8,4,10.0,1,100000,2,8,1.0729469638681914e-05,4,2025-10-25T12:53:02,3
8,4,10.0,1,100000,2,9,8.545590344484562e-06,4,2025-10-25T12:53:02,10
8,4,10.0,1,100000,2,8,2.0005856401330584e-05,12,2025-10-25T12:53:02,2
8,4,10.0,1,100000,2,9,1.5665453369609087e-05,9,2025-10-25T12:53:02,5
8,4,10.0,1,100000,2,9,1.3364344891729521e-05,9,2025-10-25T12:53:02,6
8,4,10.0,1,100000,2,9,9.822040291268355e-06,9,2025-10-25T12:53:02,3
8,4,10.0,1,100000,2,9,9.356040578547094e-06,8,2025-10-25T12:53:02,2
8,4,10.0,1,100000,2,9,3.897357651660421e-05,12,2025-10-25T12:53:02,0
10,4,10.0,1,100000,2,0,1.881560354121868e-05,7,2025-10-25T12:53:02,1
10,4,10.0,1,100000,2,0,2.229877977780219e-05,10,2025-10-25T12:53:02,2
10,4,10.0,1,100000,2,0,1.3008347053201708e-05,6,2025-10-25T12:53:02,8
10,4,10.0,1,100000,2,0,3.0355003315050294e-05,10,2025-10-25T12:53:02,7
10,4,10.0,1,100000,2,0,4.308485748132181e-05,10,2025-10-25T12:53:02,0
10,4,10.0,1,100000,2,0,4.2124344688998466e-05,9,2025-10-25T12:53:02,9
10,4,10.0,1,100000,2,0,2.7440066386178447e-05,10,2025-10-25T12:53:02,6
10,4,10.0,1,100000,2,0,3.289696037572697e-05,12,2025-10-25T12:53:02,5
10,4,10.0,1,100000,2,0,3.3502941306649535e-05,11,2025-10-25T12:53:02,3
10,4,10.0,1,100000,2,0,3.7954194573416186e-05,11,2025-10-25T12:53:02,4
10,4,10.0,1,100000,2,0,2.565432937464799e-05,12,2025-10-25T12:53:02,10
10,4,10.0,1,100000,2,1,3.398589520427077e-05,7,2025-10-25T12:53:02,7
10,4,10.0,1,100000,2,1,3.7666559588063266e-05,11,2025-10-25T12:53:02,2
10,4,10.0,1,100000,2,1,2.3573638185214994e-05,11,2025-10-25T12:53:02,8
10,4,10.0,1,100000,2,1,3.608082779860854e-05,13,2025-10-25T12:53:02,3
10,4,10.0,1,100000,2,1,2.9846822524225832e-05,8,2025-10-25T12:53:02,4
10,4,10.0,1,100000,2,1,3.609917137791242e-05,13,2025-10-25T12:53:02,1
10,4,10.0,1,100000,2,1,3.691295583085968e-05,8,2025-10-25T12:53:02,10
10,4,10.0,1,100000,2,1,2.5618801169443417e-05,12,2025-10-25T12:53:02,5
10,4,10.0,1,100000,2,1,3.575271278877563e-05,15,2025-10-25T12:53:02,9
10,4,10.0,1,100000,2,1,5.2347889684396445e-05,16,2025-10-25T12:53:02,0
10,4,10.0,1,100000,2,1,3.537778111156906e-05,13,2025-10-25T12:53:02,6
10,4,10.0,1,100000,2,2,1.221025793782882e-05,4,2025-10-25T12:53:02,1
10,4,10.0,1,100000,2,2,6.818646264743485e-06,5,2025-10-25T12:53:02,4
10,4,10.0,1,100000,2,2,2.4809018581652502e-05,10,2025-10-25T12:53:02,7
10,4,10.0,1,100000,2,2,2.52845346051634e-05,8,2025-10-25T12:53:02,8
10,4,10.0,1,100000,2,2,1.5218405597231288e-05,9,2025-10-25T12:53:02,3
10,4,10.0,1,100000,2,2,2.4719115966802474e-05,9,2025-10-25T12:53:02,5
10,4,10.0,1,100000,2,2,5.404356995639221e-05,17,2025-10-25T12:53:02,2
10,4,10.0,1,100000,2,2,2.276521879038418e-05,8,2025-10-25T12:53:02,0
10,4,10.0,1,100000,2,2,4.716964249833915e-05,14,2025-10-25T12:53:02,10
10,4,10.0,1,100000,2,3,2.4581289284017392e-05,6,2025-10-25T12:53:02,8
10,4,10.0,1,100000,2,2,4.580036095475124e-05,12,2025-10-25T12:53:02,6
10,4,10.0,1,100000,2,3,4.624915029541108e-05,13,2025-10-25T12:53:02,1
10,4,10.0,1,100000,2,2,4.0517243723003576e-05,12,2025-10-25T12:53:02,9
10,4,10.0,1,100000,2,3,1.8064827194305425e-05,9,2025-10-25T12:53:02,3
10,4,10.0,1,100000,2,3,6.232166871085674e-05,11,2025-10-25T12:53:02,4
10,4,10.0,1,100000,2,3,1.1317250549164535e-05,10,2025-10-25T12:53:02,7
10,4,10.0,1,100000,2,3,2.8968540746486492e-05,9,2025-10-25T12:53:02,2
10,4,10.0,1,100000,2,3,3.221515336112906e-05,9,2025-10-25T12:53:02,5
10,4,10.0,1,100000,2,3,3.928454530054071e-05,11,2025-10-25T12:53:02,0
10,4,10.0,1,100000,2,3,2.4210980559787162e-05,8,2025-10-25T12:53:02,6
10,4,10.0,1,100000,2,4,7.022805207465716e-07,5,2025-10-25T12:53:02,8
10,4,10.0,1,100000,2,4,3.118900443945998e-05,7,2025-10-25T12:53:02,7
10,4,10.0,1,100000,2,3,1.2040271626929606e-05,9,2025-10-25T12:53:02,10
10,4,10.0,1,100000,2,4,1.9680572016514397e-05,10,2025-10-25T12:53:02,1
10,4,10.0,1,100000,2,4,4.149516945767259e-11,1,2025-10-25T12:53:02,2
10,4,10.0,1,100000,2,4,4.150650082347002e-05,7,2025-10-25T12:53:02,5
10,4,10.0,1,100000,2,3,3.1787410205634745e-05,12,2025-10-25T12:53:02,9
10,4,10.0,1,100000,2,4,4.715759320998177e-05,10,2025-10-25T12:53:02,4
10,4,10.0,1,100000,2,5,6.325934538502208e-05,10,2025-10-25T12:53:02,1
10,4,10.0,1,100000,2,5,4.610861271784124e-11,2,2025-10-25T12:53:02,5
10,4,10.0,1,100000,2,4,3.7013376374991286e-05,8,2025-10-25T12:53:02,6
10,4,10.0,1,100000,2,4,8.030257649572036e-05,14,2025-10-25T12:53:02,3
10,4,10.0,1,100000,2,5,2.8797832784457316e-05,10,2025-10-25T12:53:02,7
10,4,10.0,1,100000,2,5,6.636099436996508e-05,14,2025-10-25T12:53:02,8
10,4,10.0,1,100000,2,5,5.1803226552903646e-05,13,2025-10-25T12:53:02,2
10,4,10.0,1,100000,2,4,2.4394731840437966e-05,10,2025-10-25T12:53:02,10
10,4,10.0,1,100000,2,5,1.8108329382328582e-05,7,2025-10-25T12:53:02,4
10,4,10.0,1,100000,2,4,1.6242292325739886e-05,10,2025-10-25T12:53:02,9
10,4,10.0,1,100000,2,4,6.888267425483428e-05,15,2025-10-25T12:53:02,0
10,4,10.0,1,100000,2,6,2.8330429160409868e-05,7,2025-10-25T12:53:02,5
10,4,10.0,1,100000,2,5,2.651397298692512e-05,11,2025-10-25T12:53:02,6
10,4,10.0,1,100000,2,5,2.8280632233151933e-05,12,2025-10-25T12:53:02,3
10,4,10.0,1,100000,2,6,6.0456920666209894e-05,13,2025-10-25T12:53:02,1
10,4,10.0,1,100000,2,6,1.7712471677590096e-05,13,2025-10-25T12:53:02,7
10,4,10.0,1,100000,2,5,4.726059109964206e-05,11,2025-10-25T12:53:02,10
10,4,10.0,1,100000,2,6,4.8919232747210126e-05,9,2025-10-25T12:53:02,4
10,4,10.0,1,100000,2,6,4.0095886319405274e-05,15,2025-10-25T12:53:02,8
10,4,10.0,1,100000,2,6,5.2576471025040464e-05,10,2025-10-25T12:53:02,2
10,4,10.0,1,100000,2,7,1.9166271514122792e-05,8,2025-10-25T12:53:02,1
10,4,10.0,1,100000,2,7,4.617532331573363e-05,8,2025-10-25T12:53:02,5
10,4,10.0,1,100000,2,5,3.2962913101816746e-05,12,2025-10-25T12:53:02,0
10,4,10.0,1,100000,2,7,2.201468213609189e-05,5,2025-10-25T12:53:02,2
10,4,10.0,1,100000,2,6,4.4114182859188334e-05,10,2025-10-25T12:53:02,6
10,4,10.0,1,100000,2,5,3.9139686533564386e-05,16,2025-10-25T12:53:02,9
10,4,10.0,1,100000,2,7,1.1418129265692668e-05,6,2025-10-25T12:53:02,4
10,4,10.0,1,100000,2,8,3.6811230983140496e-05,9,2025-10-25T12:53:02,1
10,4,10.0,1,100000,2,6,3.2762862511107894e-05,9,2025-10-25T12:53:02,10
10,4,10.0,1,100000,2,7,2.3806069820832396e-05,9,2025-10-25T12:53:02,7
10,4,10.0,1,100000,2,6,4.3742819588452284e-05,10,2025-10-25T12:53:02,3
10,4,10.0,1,100000,2,7,4.595094662678555e-05,12,2025-10-25T12:53:02,8
10,4,10.0,1,100000,2,8,1.7179422689783453e-05,7,2025-10-25T12:53:02,2
10,4,10.0,1,100000,2,8,1.9727777872217735e-05,12,2025-10-25T12:53:02,5
10,4,10.0,1,100000,2,6,1.6748028594749394e-05,10,2025-10-25T12:53:02,0
10,4,10.0,1,100000,2,8,2.519251307189388e-05,8,2025-10-25T12:53:02,4
10,4,10.0,1,100000,2,7,4.5958330388687176e-05,10,2025-10-25T12:53:02,10
10,4,10.0,1,100000,2,9,7.4302217139181896e-06,5,2025-10-25T12:53:02,2
10,4,10.0,1,100000,2,7,5.9917720070172274e-05,13,2025-10-25T12:53:02,6
10,4,10.0,1,100000,2,8,9.592245437703597e-06,10,2025-10-25T12:53:02,7
10,4,10.0,1,100000,2,6,2.4084320641607776e-05,12,2025-10-25T12:53:02,9
10,4,10.0,1,100000,2,9,4.175425663572724e-05,14,2025-10-25T12:53:02,1
10,4,10.0,1,100000,2,8,1.4593805132918202e-05,10,2025-10-25T12:53:02,8
10,4,10.0,1,100000,2,7,4.551824682590691e-05,11,2025-10-25T12:53:02,3
10,4,10.0,1,100000,2,9,2.8091000692376365e-05,9,2025-10-25T12:53:02,4
10,4,10.0,1,100000,2,7,4.473952910570046e-05,7,2025-10-25T12:53:02,0
10,4,10.0,1,100000,2,9,5.955972269440522e-05,9,2025-10-25T12:53:02,7
10,4,10.0,1,100000,2,9,3.6021732641796764e-05,14,2025-10-25T12:53:02,5
10,4,10.0,1,100000,2,9,4.995164828919908e-05,14,2025-10-25T12:53:02,8
10,4,10.0,1,100000,2,7,4.143228388806047e-05,11,2025-10-25T12:53:02,9
10,4,10.0,1,100000,2,8,4.346718963914188e-05,7,2025-10-25T12:53:02,0
10,4,10.0,1,100000,2,8,5.629183717909745e-05,15,2025-10-25T12:53:02,6
10,4,10.0,1,100000,2,8,2.653154904325095e-05,13,2025-10-25T12:53:02,10
10,4,10.0,1,100000,2,8,3.5801115008178286e-05,9,2025-10-25T12:53:02,3
10,4,10.0,1,100000,2,9,6.0550782072644616e-06,5,2025-10-25T12:53:02,10
10,4,10.0,1,100000,2,9,3.617864442382447e-05,8,2025-10-25T12:53:02,3
10,4,10.0,1,100000,2,9,3.804835808139673e-05,13,2025-10-25T12:53:02,0
10,4,10.0,1,100000,2,9,6.501608555694226e-05,14,2025-10-25T12:53:02,6
10,4,10.0,1,100000,2,8,5.6266675380554433e-05,15,2025-10-25T12:53:02,9
10,4,10.0,1,100000,2,9,1.8687171577848598e-05,12,2025-10-25T12:53:02,9
12,4,10.0,1,100000,2,0,3.9183410662609645e-05,10,2025-10-25T12:53:02,1
12,4,10.0,1,100000,2,0,0.0001042843183607734,11,2025-10-25T12:53:03,9
12,4,10.0,1,100000,2,0,6.776334807175543e-05,13,2025-10-25T12:53:03,0
12,4,10.0,1,100000,2,0,8.586402824766846e-05,13,2025-10-25T12:53:03,10
12,4,10.0,1,100000,2,0,7.908162441540827e-05,15,2025-10-25T12:53:03,4
12,4,10.0,1,100000,2,1,2.6981232818371578e-05,4,2025-10-25T12:53:03,9
12,4,10.0,1,100000,2,0,6.43585024522586e-05,15,2025-10-25T12:53:03,3
12,4,10.0,1,100000,2,0,7.044672223660735e-05,14,2025-10-25T12:53:03,5
12,4,10.0,1,100000,2,0,0.00011851199833142345,23,2025-10-25T12:53:03,8
12,4,10.0,1,100000,2,0,0.00010154162400538794,17,2025-10-25T12:53:03,7
12,4,10.0,1,100000,2,0,0.00011734673474799003,19,2025-10-25T12:53:03,2
12,4,10.0,1,100000,2,0,0.0001036010755147244,25,2025-10-25T12:53:03,6
12,4,10.0,1,100000,2,2,0.00010053782127153174,12,2025-10-25T12:53:03,9
12,4,10.0,1,100000,2,1,1.4831543128680003e-05,11,2025-10-25T12:53:03,4
12,4,10.0,1,100000,2,1,8.260716124894312e-05,11,2025-10-25T12:53:03,3
12,4,10.0,1,100000,2,1,7.441893281904039e-05,18,2025-10-25T12:53:03,1
12,4,10.0,1,100000,2,1,9.836812384287433e-05,16,2025-10-25T12:53:03,10
12,4,10.0,1,100000,2,1,8.70312540382889e-05,9,2025-10-25T12:53:03,2
12,4,10.0,1,100000,2,1,6.439670576052606e-05,15,2025-10-25T12:53:03,5
12,4,10.0,1,100000,2,1,0.00014501017819173548,21,2025-10-25T12:53:03,0
12,4,10.0,1,100000,2,1,7.101288650234995e-05,16,2025-10-25T12:53:03,7
12,4,10.0,1,100000,2,1,2.5754339708938925e-05,11,2025-10-25T12:53:03,6
12,4,10.0,1,100000,2,1,9.164231596961538e-05,15,2025-10-25T12:53:03,8
12,4,10.0,1,100000,2,2,5.943342359992258e-05,10,2025-10-25T12:53:03,1
12,4,10.0,1,100000,2,2,5.190281840128192e-05,10,2025-10-25T12:53:03,10
12,4,10.0,1,100000,2,2,8.024917409326045e-05,10,2025-10-25T12:53:03,5
12,4,10.0,1,100000,2,3,9.697389532343992e-05,15,2025-10-25T12:53:03,9
12,4,10.0,1,100000,2,2,7.059507853601937e-05,14,2025-10-25T12:53:03,3
12,4,10.0,1,100000,2,3,5.4724946223718185e-06,5,2025-10-25T12:53:03,1
12,4,10.0,1,100000,2,2,3.626756625326446e-05,10,2025-10-25T12:53:03,0
12,4,10.0,1,100000,2,2,8.928884327049346e-05,20,2025-10-25T12:53:03,4
12,4,10.0,1,100000,2,2,1.9294938301079448e-05,12,2025-10-25T12:53:03,7
12,4,10.0,1,100000,2,2,6.75054301741634e-05,11,2025-10-25T12:53:03,6
12,4,10.0,1,100000,2,3,5.440850393657567e-05,9,2025-10-25T12:53:03,10
12,4,10.0,1,100000,2,2,0.00012472738415895762,18,2025-10-25T12:53:03,2
12,4,10.0,1,100000,2,3,3.637702777993152e-05,9,2025-10-25T12:53:03,5
12,4,10.0,1,100000,2,4,3.865862964018821e-05,11,2025-10-25T12:53:03,9
12,4,10.0,1,100000,2,2,5.937204407875921e-05,14,2025-10-25T12:53:03,8
12,4,10.0,1,100000,2,4,3.732431389153091e-05,9,2025-10-25T12:53:03,1
12,4,10.0,1,100000,2,3,5.153071057692906e-05,10,2025-10-25T12:53:03,0
12,4,10.0,1,100000,2,4,2.5112592489084375e-05,11,2025-10-25T12:53:03,5
12,4,10.0,1,100000,2,3,6.934978399034704e-05,13,2025-10-25T12:53:03,7
12,4,10.0,1,100000,2,4,2.8659074903933958e-05,11,2025-10-25T12:53:03,10
12,4,10.0,1,100000,2,3,8.98880077047618e-05,16,2025-10-25T12:53:03,4
12,4,10.0,1,100000,2,3,5.778078987801672e-05,13,2025-10-25T12:53:03,2
12,4,10.0,1,100000,2,3,2.3307558035424617e-05,9,2025-10-25T12:53:03,8
12,4,10.0,1,100000,2,3,7.704951385941776e-05,18,2025-10-25T12:53:03,3
12,4,10.0,1,100000,2,5,6.291777136191642e-05,16,2025-10-25T12:53:03,9
12,4,10.0,1,100000,2,5,7.928787970249276e-05,12,2025-10-25T12:53:03,1
12,4,10.0,1,100000,2,5,2.257497753494661e-05,10,2025-10-25T12:53:03,5
12,4,10.0,1,100000,2,3,0.0001043515280528932,22,2025-10-25T12:53:03,6
12,4,10.0,1,100000,2,4,6.365067941248183e-05,8,2025-10-25T12:53:03,4
12,4,10.0,1,100000,2,4,4.339577844261775e-05,13,2025-10-25T12:53:03,7
12,4,10.0,1,100000,2,4,6.428845342434236e-05,17,2025-10-25T12:53:03,0
12,4,10.0,1,100000,2,4,5.676558163550938e-05,10,2025-10-25T12:53:03,2
12,4,10.0,1,100000,2,4,6.413601435689437e-05,14,2025-10-25T12:53:03,8
12,4,10.0,1,100000,2,5,8.478178201661433e-05,19,2025-10-25T12:53:03,10
12,4,10.0,1,100000,2,6,9.684526791849393e-05,15,2025-10-25T12:53:03,9
12,4,10.0,1,100000,2,6,4.8709124861128616e-05,9,2025-10-25T12:53:03,1
12,4,10.0,1,100000,2,6,7.281562543362114e-05,13,2025-10-25T12:53:03,5
12,4,10.0,1,100000,2,4,2.637683805988862e-05,11,2025-10-25T12:53:03,6
12,4,10.0,1,100000,2,5,8.383623864173037e-05,11,2025-10-25T12:53:03,0
12,4,10.0,1,100000,2,4,9.923085742431823e-05,22,2025-10-25T12:53:03,3
12,4,10.0,1,100000,2,5,6.544215725995319e-05,13,2025-10-25T12:53:03,7
12,4,10.0,1,100000,2,5,8.05390297506918e-05,15,2025-10-25T12:53:03,4
12,4,10.0,1,100000,2,6,4.28329510305211e-05,9,2025-10-25T12:53:03,10
12,4,10.0,1,100000,2,5,8.50542829149546e-05,14,2025-10-25T12:53:03,2
12,4,10.0,1,100000,2,7,4.867262571024164e-05,11,2025-10-25T12:53:03,9
12,4,10.0,1,100000,2,5,7.770041732734299e-05,14,2025-10-25T12:53:03,8
12,4,10.0,1,100000,2,5,4.6151425161795316e-05,10,2025-10-25T12:53:03,3
12,4,10.0,1,100000,2,7,8.127384616742533e-05,14,2025-10-25T12:53:03,1
12,4,10.0,1,100000,2,7,8.076468789619102e-05,15,2025-10-25T12:53:03,5
12,4,10.0,1,100000,2,6,7.863945118623634e-05,13,2025-10-25T12:53:03,0
12,4,10.0,1,100000,2,6,2.9939219945515484e-05,9,2025-10-25T12:53:03,2
12,4,10.0,1,100000,2,6,4.8937302445835956e-05,11,2025-10-25T12:53:03,4
12,4,10.0,1,100000,2,5,9.17439336230967e-05,21,2025-10-25T12:53:03,6
12,4,10.0,1,100000,2,6,0.00010538430406227165,19,2025-10-25T12:53:03,7
12,4,10.0,1,100000,2,6,5.699618214582811e-05,9,2025-10-25T12:53:03,8
12,4,10.0,1,100000,2,7,7.199876135305816e-05,15,2025-10-25T12:53:03,10
12,4,10.0,1,100000,2,8,2.6778492174719413e-05,9,2025-10-25T12:53:03,5
12,4,10.0,1,100000,2,8,2.234901706743319e-05,11,2025-10-25T12:53:03,1
12,4,10.0,1,100000,2,7,2.7905702720786073e-05,7,2025-10-25T12:53:03,2
12,4,10.0,1,100000,2,7,6.711166851789439e-05,9,2025-10-25T12:53:03,4
12,4,10.0,1,100000,2,6,4.444529446342412e-05,10,2025-10-25T12:53:03,3
12,4,10.0,1,100000,2,8,8.052686541936587e-05,16,2025-10-25T12:53:03,9
12,4,10.0,1,100000,2,7,4.4278682058028875e-06,5,2025-10-25T12:53:03,7
12,4,10.0,1,100000,2,7,5.846447773714561e-05,14,2025-10-25T12:53:03,0
12,4,10.0,1,100000,2,7,4.0611925947062244e-05,9,2025-10-25T12:53:03,8
12,4,10.0,1,100000,2,6,5.002106399112584e-05,10,2025-10-25T12:53:03,6
12,4,10.0,1,100000,2,8,5.685480328499056e-05,7,2025-10-25T12:53:03,7
12,4,10.0,1,100000,2,9,5.75959874982397e-05,8,2025-10-25T12:53:03,1
12,4,10.0,1,100000,2,8,5.584045644014009e-05,8,2025-10-25T12:53:03,0
12,4,10.0,1,100000,2,8,7.639872120713723e-05,15,2025-10-25T12:53:03,10
12,4,10.0,1,100000,2,8,5.0470000036381674e-05,13,2025-10-25T12:53:03,2
12,4,10.0,1,100000,2,9,4.375036670332163e-05,13,2025-10-25T12:53:03,5
12,4,10.0,1,100000,2,9,7.617429878897618e-05,14,2025-10-25T12:53:03,9
12,4,10.0,1,100000,2,8,6.783003750149795e-05,14,2025-10-25T12:53:03,4
12,4,10.0,1,100000,2,7,8.482373062010432e-05,11,2025-10-25T12:53:03,3
12,4,10.0,1,100000,2,7,6.347417737830021e-05,12,2025-10-25T12:53:04,6
12,4,10.0,1,100000,2,8,5.247597887916232e-05,11,2025-10-25T12:53:04,8
12,4,10.0,1,100000,2,9,6.404219198814237e-05,11,2025-10-25T12:53:04,0
12,4,10.0,1,100000,2,9,6.427509308455794e-05,10,2025-10-25T12:53:04,10
12,4,10.0,1,100000,2,9,7.309554874354715e-05,12,2025-10-25T12:53:04,7
12,4,10.0,1,100000,2,9,9.320507015780822e-05,11,2025-10-25T12:53:04,2
12,4,10.0,1,100000,2,8,3.738919923229904e-05,10,2025-10-25T12:53:04,6
12,4,10.0,1,100000,2,9,8.384179196247552e-05,14,2025-10-25T12:53:04,4
12,4,10.0,1,100000,2,9,6.405855427284771e-05,14,2025-10-25T12:53:04,8
12,4,10.0,1,100000,2,8,7.70216637892238e-05,14,2025-10-25T12:53:04,3
12,4,10.0,1,100000,2,9,7.169798062234995e-05,17,2025-10-25T12:53:04,6
12,4,10.0,1,100000,2,9,7.869527013214016e-05,16,2025-10-25T12:53:04,3
14,4,10.0,1,100000,2,0,9.62064792448358e-06,4,2025-10-25T12:53:04,10
14,4,10.0,1,100000,2,0,0.00012696389336994232,9,2025-10-25T12:53:04,0
14,4,10.0,1,100000,2,0,4.7675849824509354e-05,10,2025-10-25T12:53:04,5
14,4,10.0,1,100000,2,0,4.152079441110017e-05,8,2025-10-25T12:53:04,6
14,4,10.0,1,100000,2,0,0.0001379083734753927,18,2025-10-25T12:53:04,1
14,4,10.0,1,100000,2,0,0.00013348533935739166,14,2025-10-25T12:53:04,4
14,4,10.0,1,100000,2,0,0.0001411924600003938,16,2025-10-25T12:53:04,7
14,4,10.0,1,100000,2,0,0.00011335413051947928,15,2025-10-25T12:53:04,8
14,4,10.0,1,100000,2,1,8.585870492937808e-05,8,2025-10-25T12:53:04,0
14,4,10.0,1,100000,2,0,0.00014932840897897303,16,2025-10-25T12:53:04,3
14,4,10.0,1,100000,2,1,8.564615292580399e-05,12,2025-10-25T12:53:04,10
14,4,10.0,1,100000,2,0,0.00012147823893528079,19,2025-10-25T12:53:04,9
14,4,10.0,1,100000,2,1,0.00011726128195565936,13,2025-10-25T12:53:04,1
14,4,10.0,1,100000,2,0,0.00017436111470328465,20,2025-10-25T12:53:04,2
14,4,10.0,1,100000,2,1,0.00010103861684246874,16,2025-10-25T12:53:04,5
14,4,10.0,1,100000,2,1,9.323263983093146e-05,18,2025-10-25T12:53:04,6
14,4,10.0,1,100000,2,1,6.757154571414582e-05,20,2025-10-25T12:53:04,4
14,4,10.0,1,100000,2,1,8.009896095039367e-05,15,2025-10-25T12:53:04,8
14,4,10.0,1,100000,2,1,0.0001576726441644604,19,2025-10-25T12:53:05,7
14,4,10.0,1,100000,2,1,0.00010649907457219272,14,2025-10-25T12:53:05,3
14,4,10.0,1,100000,2,1,9.067166437956181e-05,13,2025-10-25T12:53:05,9
14,4,10.0,1,100000,2,2,7.292189886759754e-05,11,2025-10-25T12:53:05,5
14,4,10.0,1,100000,2,2,6.39059623462514e-05,19,2025-10-25T12:53:05,0
14,4,10.0,1,100000,2,2,0.00010854432096185041,16,2025-10-25T12:53:05,1
14,4,10.0,1,100000,2,2,8.485766681301144e-05,17,2025-10-25T12:53:05,10
14,4,10.0,1,100000,2,1,0.00010288134886387841,16,2025-10-25T12:53:05,2
14,4,10.0,1,100000,2,2,9.113947135808152e-05,13,2025-10-25T12:53:05,4
14,4,10.0,1,100000,2,2,8.812213730421798e-05,19,2025-10-25T12:53:05,6
14,4,10.0,1,100000,2,2,6.314282077410226e-05,10,2025-10-25T12:53:05,3
14,4,10.0,1,100000,2,3,3.814853396816246e-05,8,2025-10-25T12:53:05,1
14,4,10.0,1,100000,2,2,0.00010442722166637373,12,2025-10-25T12:53:05,9
14,4,10.0,1,100000,2,2,0.00010110788465537792,13,2025-10-25T12:53:05,8
14,4,10.0,1,100000,2,2,0.00010111066959548823,17,2025-10-25T12:53:05,7
14,4,10.0,1,100000,2,3,0.00016545273306976956,15,2025-10-25T12:53:05,5
14,4,10.0,1,100000,2,4,1.8861150301228133e-05,5,2025-10-25T12:53:05,1
14,4,10.0,1,100000,2,2,9.17207208234509e-05,11,2025-10-25T12:53:05,2
14,4,10.0,1,100000,2,3,0.00013416873764399685,16,2025-10-25T12:53:05,10
14,4,10.0,1,100000,2,3,9.799646603344496e-05,9,2025-10-25T12:53:05,4
14,4,10.0,1,100000,2,3,0.00015099512488951162,16,2025-10-25T12:53:05,0
14,4,10.0,1,100000,2,3,7.908776013910971e-05,10,2025-10-25T12:53:05,6
14,4,10.0,1,100000,2,3,0.00017467646916525538,13,2025-10-25T12:53:05,3
14,4,10.0,1,100000,2,3,0.00011118077939157395,16,2025-10-25T12:53:05,8
14,4,10.0,1,100000,2,3,0.0001132874654923553,17,2025-10-25T12:53:05,9
14,4,10.0,1,100000,2,4,0.00012846144327218173,11,2025-10-25T12:53:05,10
14,4,10.0,1,100000,2,4,6.038483906622378e-06,9,2025-10-25T12:53:05,8
14,4,10.0,1,100000,2,4,6.934427061364199e-05,12,2025-10-25T12:53:05,4
14,4,10.0,1,100000,2,4,0.00016842852064068004,16,2025-10-25T12:53:05,5
14,4,10.0,1,100000,2,3,0.00011631784064383235,17,2025-10-25T12:53:05,7
14,4,10.0,1,100000,2,4,7.009529652921832e-05,12,2025-10-25T12:53:05,6
14,4,10.0,1,100000,2,3,0.00012283308172177248,16,2025-10-25T12:53:05,2
14,4,10.0,1,100000,2,5,0.00012099643510535144,18,2025-10-25T12:53:05,1
14,4,10.0,1,100000,2,4,9.35352012674931e-05,15,2025-10-25T12:53:05,3
14,4,10.0,1,100000,2,4,0.00013996530388678678,14,2025-10-25T12:53:05,0
14,4,10.0,1,100000,2,4,9.644152946603501e-05,12,2025-10-25T12:53:05,9
14,4,10.0,1,100000,2,5,6.406541729602196e-05,12,2025-10-25T12:53:05,6
14,4,10.0,1,100000,2,5,3.604329205318662e-05,8,2025-10-25T12:53:05,3
14,4,10.0,1,100000,2,5,7.116105190896818e-05,5,2025-10-25T12:53:05,9
14,4,10.0,1,100000,2,5,6.786309041971648e-05,12,2025-10-25T12:53:05,4
14,4,10.0,1,100000,2,4,0.00010817074406156054,13,2025-10-25T12:53:05,2
14,4,10.0,1,100000,2,4,0.00014402833387274373,15,2025-10-25T12:53:05,7
14,4,10.0,1,100000,2,5,0.00019548673620258073,19,2025-10-25T12:53:05,10
14,4,10.0,1,100000,2,5,8.434882974862151e-05,21,2025-10-25T12:53:05,8
14,4,10.0,1,100000,2,5,0.00012135874200941142,15,2025-10-25T12:53:05,5
14,4,10.0,1,100000,2,6,0.00010967394851177686,13,2025-10-25T12:53:05,1
14,4,10.0,1,100000,2,5,0.00011057031218669824,15,2025-10-25T12:53:05,0
14,4,10.0,1,100000,2,6,8.134979948833403e-05,13,2025-10-25T12:53:06,3
14,4,10.0,1,100000,2,5,5.5355447248038024e-05,11,2025-10-25T12:53:06,2
14,4,10.0,1,100000,2,6,0.00013924799637263048,18,2025-10-25T12:53:06,6
14,4,10.0,1,100000,2,6,0.0001087602445460293,12,2025-10-25T12:53:06,9
14,4,10.0,1,100000,2,6,8.639451023030824e-05,11,2025-10-25T12:53:06,5
14,4,10.0,1,100000,2,5,0.00011682426902320063,14,2025-10-25T12:53:06,7
14,4,10.0,1,100000,2,6,0.00014512389997830573,14,2025-10-25T12:53:06,10
14,4,10.0,1,100000,2,6,0.00010020230312170986,19,2025-10-25T12:53:06,4
14,4,10.0,1,100000,2,6,9.719037152196908e-05,9,2025-10-25T12:53:06,0
14,4,10.0,1,100000,2,7,0.00015471852767223344,15,2025-10-25T12:53:06,1
14,4,10.0,1,100000,2,6,0.00013460903926803107,16,2025-10-25T12:53:06,8
14,4,10.0,1,100000,2,6,8.649629476159436e-05,9,2025-10-25T12:53:06,2
14,4,10.0,1,100000,2,7,8.710059435635545e-05,13,2025-10-25T12:53:06,6
14,4,10.0,1,100000,2,6,0.00011660989129719757,13,2025-10-25T12:53:06,7
14,4,10.0,1,100000,2,7,0.00015834991954279603,14,2025-10-25T12:53:06,5
14,4,10.0,1,100000,2,7,5.411287839513625e-05,10,2025-10-25T12:53:06,10
14,4,10.0,1,100000,2,7,0.00013633154781544313,18,2025-10-25T12:53:06,3
14,4,10.0,1,100000,2,7,0.00010757348125244322,15,2025-10-25T12:53:06,9
14,4,10.0,1,100000,2,8,0.00014353694228777603,17,2025-10-25T12:53:06,1
14,4,10.0,1,100000,2,7,6.026160968490596e-05,10,2025-10-25T12:53:06,2
14,4,10.0,1,100000,2,7,0.0001253432900031544,16,2025-10-25T12:53:06,0
14,4,10.0,1,100000,2,7,0.0001024062982521893,18,2025-10-25T12:53:06,8
14,4,10.0,1,100000,2,7,7.170116699200861e-05,14,2025-10-25T12:53:06,7
14,4,10.0,1,100000,2,7,0.00022043648301057112,22,2025-10-25T12:53:06,4
14,4,10.0,1,100000,2,8,7.675632668522345e-05,15,2025-10-25T12:53:06,6
14,4,10.0,1,100000,2,8,0.0001284503529137118,14,2025-10-25T12:53:06,10
14,4,10.0,1,100000,2,8,9.19821991473947e-05,12,2025-10-25T12:53:06,3
14,4,10.0,1,100000,2,8,5.516648334677194e-05,8,2025-10-25T12:53:06,2
14,4,10.0,1,100000,2,8,0.00011176373404566145,20,2025-10-25T12:53:06,9
14,4,10.0,1,100000,2,8,0.00011888776152918703,18,2025-10-25T12:53:06,5
14,4,10.0,1,100000,2,9,8.545807741910262e-05,13,2025-10-25T12:53:06,1
14,4,10.0,1,100000,2,8,0.00013050088023110141,11,2025-10-25T12:53:06,8
14,4,10.0,1,100000,2,8,0.00016591542275430583,16,2025-10-25T12:53:06,0
14,4,10.0,1,100000,2,9,6.928853947353411e-05,9,2025-10-25T12:53:06,3
14,4,10.0,1,100000,2,9,7.086866462166022e-05,12,2025-10-25T12:53:06,6
14,4,10.0,1,100000,2,8,0.00011376390588240009,14,2025-10-25T12:53:06,4
14,4,10.0,1,100000,2,8,0.0001086731652676248,15,2025-10-25T12:53:06,7
14,4,10.0,1,100000,2,9,0.00012271006780033096,15,2025-10-25T12:53:06,10
14,4,10.0,1,100000,2,9,7.89866730991935e-05,14,2025-10-25T12:53:06,9
14,4,10.0,1,100000,2,9,0.00011243097064245392,15,2025-10-25T12:53:06,2
14,4,10.0,1,100000,2,9,9.086551954504994e-05,18,2025-10-25T12:53:06,8
14,4,10.0,1,100000,2,9,0.00011105026713579465,16,2025-10-25T12:53:06,5
14,4,10.0,1,100000,2,9,6.459256673334186e-05,11,2025-10-25T12:53:06,4
14,4,10.0,1,100000,2,9,9.492037415421169e-05,15,2025-10-25T12:53:06,0
14,4,10.0,1,100000,2,9,0.00010582217238521016,17,2025-10-25T12:53:07,7
16,4,10.0,1,100000,2,0,0.00013993963056698304,11,2025-10-25T12:53:08,7
16,4,10.0,1,100000,2,0,0.00012223020274510296,11,2025-10-25T12:53:08,4
16,4,10.0,1,100000,2,0,9.196910638897119e-05,11,2025-10-25T12:53:08,10
16,4,10.0,1,100000,2,0,0.00015887560941507315,17,2025-10-25T12:53:08,6
16,4,10.0,1,100000,2,0,0.00019775855810878854,16,2025-10-25T12:53:08,3
16,4,10.0,1,100000,2,0,0.0001275699268830754,11,2025-10-25T12:53:08,0
16,4,10.0,1,100000,2,0,0.00017076145715376955,16,2025-10-25T12:53:08,1
16,4,10.0,1,100000,2,0,0.0001619337359449113,14,2025-10-25T12:53:08,5
16,4,10.0,1,100000,2,0,0.00021784501072678842,19,2025-10-25T12:53:08,8
16,4,10.0,1,100000,2,0,0.0001205253561449968,18,2025-10-25T12:53:08,2
16,4,10.0,1,100000,2,0,0.00024080924931920626,19,2025-10-25T12:53:08,9
16,4,10.0,1,100000,2,1,0.00021378170368019145,17,2025-10-25T12:53:08,4
16,4,10.0,1,100000,2,1,0.00018879141396498922,18,2025-10-25T12:53:09,10
16,4,10.0,1,100000,2,1,0.00019301391292539486,22,2025-10-25T12:53:09,7
16,4,10.0,1,100000,2,1,0.00011327919992682539,17,2025-10-25T12:53:09,6
16,4,10.0,1,100000,2,1,0.0001466795713048611,14,2025-10-25T12:53:09,0
16,4,10.0,1,100000,2,1,0.00012154943736589616,14,2025-10-25T12:53:09,1
16,4,10.0,1,100000,2,1,0.00015355283494872986,16,2025-10-25T12:53:09,5
16,4,10.0,1,100000,2,1,0.00023393333546315503,17,2025-10-25T12:53:09,3
16,4,10.0,1,100000,2,1,0.0001496063398255738,12,2025-10-25T12:53:09,8
16,4,10.0,1,100000,2,1,0.0001006030512584701,14,2025-10-25T12:53:09,2
16,4,10.0,1,100000,2,1,0.00014321757748924944,14,2025-10-25T12:53:09,9
16,4,10.0,1,100000,2,2,8.224580851002264e-05,10,2025-10-25T12:53:09,5
16,4,10.0,1,100000,2,2,0.00023139926997505614,17,2025-10-25T12:53:09,4
16,4,10.0,1,100000,2,2,7.800796259110616e-05,12,2025-10-25T12:53:09,7
16,4,10.0,1,100000,2,2,0.00022986282409766376,16,2025-10-25T12:53:09,10
16,4,10.0,1,100000,2,2,0.0002829715008072472,13,2025-10-25T12:53:09,8
16,4,10.0,1,100000,2,2,0.00022567261814096753,18,2025-10-25T12:53:09,6
16,4,10.0,1,100000,2,2,0.00012491511428172337,14,2025-10-25T12:53:09,3
16,4,10.0,1,100000,2,2,0.00015671780100281533,15,2025-10-25T12:53:10,1
16,4,10.0,1,100000,2,2,0.00016523543278900053,18,2025-10-25T12:53:10,0
16,4,10.0,1,100000,2,2,0.00019778609665998745,16,2025-10-25T12:53:10,2
16,4,10.0,1,100000,2,2,0.00029627045678686686,20,2025-10-25T12:53:10,9
16,4,10.0,1,100000,2,3,0.00010726983396118591,9,2025-10-25T12:53:10,7
16,4,10.0,1,100000,2,3,0.00013194478262751674,14,2025-10-25T12:53:10,4
16,4,10.0,1,100000,2,3,9.363526574901944e-05,11,2025-10-25T12:53:10,8
16,4,10.0,1,100000,2,3,0.00017983750307930515,16,2025-10-25T12:53:10,5
16,4,10.0,1,100000,2,3,0.00013597976567315397,12,2025-10-25T12:53:10,2
16,4,10.0,1,100000,2,3,7.270165552329452e-05,14,2025-10-25T12:53:10,6
16,4,10.0,1,100000,2,3,0.00022327126299353335,19,2025-10-25T12:53:10,10
16,4,10.0,1,100000,2,3,7.948703640398942e-05,18,2025-10-25T12:53:10,3
16,4,10.0,1,100000,2,3,0.0001583614666341219,19,2025-10-25T12:53:10,1
16,4,10.0,1,100000,2,3,0.0001410606917529076,12,2025-10-25T12:53:10,9
16,4,10.0,1,100000,2,3,0.00024444883095387854,22,2025-10-25T12:53:11,0
16,4,10.0,1,100000,2,4,0.0001225756192763583,13,2025-10-25T12:53:11,7
16,4,10.0,1,100000,2,4,0.0001566244976284893,18,2025-10-25T12:53:11,8
16,4,10.0,1,100000,2,4,0.00010965094258375761,13,2025-10-25T12:53:11,10
16,4,10.0,1,100000,2,4,0.0002758548732484699,24,2025-10-25T12:53:11,4
16,4,10.0,1,100000,2,4,0.00021726202213019456,17,2025-10-25T12:53:11,3
16,4,10.0,1,100000,2,4,0.00029309419656209124,22,2025-10-25T12:53:11,5
16,4,10.0,1,100000,2,4,0.00012267743089950343,18,2025-10-25T12:53:11,2
16,4,10.0,1,100000,2,4,0.00022231108437278856,19,2025-10-25T12:53:11,6
16,4,10.0,1,100000,2,4,6.742912049710636e-05,12,2025-10-25T12:53:11,0
16,4,10.0,1,100000,2,5,0.00018369554810497842,16,2025-10-25T12:53:11,7
16,4,10.0,1,100000,2,4,0.00026344373135406865,20,2025-10-25T12:53:11,1
16,4,10.0,1,100000,2,5,0.00017548010900103345,11,2025-10-25T12:53:12,5
16,4,10.0,1,100000,2,4,0.000248287685340945,24,2025-10-25T12:53:12,9
16,4,10.0,1,100000,2,5,0.0001486651005026353,18,2025-10-25T12:53:12,10
16,4,10.0,1,100000,2,5,0.0002304670392620464,19,2025-10-25T12:53:12,8
16,4,10.0,1,100000,2,5,0.00020518507219361852,16,2025-10-25T12:53:12,2
16,4,10.0,1,100000,2,5,0.00020244689693449825,16,2025-10-25T12:53:12,3
16,4,10.0,1,100000,2,5,0.0001838786763759647,23,2025-10-25T12:53:12,4
16,4,10.0,1,100000,2,5,0.00016733758469118532,20,2025-10-25T12:53:12,6
16,4,10.0,1,100000,2,6,0.0001595315410070413,19,2025-10-25T12:53:12,7
16,4,10.0,1,100000,2,5,0.00017145090573565422,20,2025-10-25T12:53:12,0
16,4,10.0,1,100000,2,5,0.0002152194845119748,17,2025-10-25T12:53:12,1
16,4,10.0,1,100000,2,6,0.0001594259421586385,15,2025-10-25T12:53:12,5
16,4,10.0,1,100000,2,5,0.00018653877499487194,13,2025-10-25T12:53:12,9
16,4,10.0,1,100000,2,6,0.0001427532513751218,16,2025-10-25T12:53:12,10
16,4,10.0,1,100000,2,7,2.6389948442328727e-05,8,2025-10-25T12:53:13,7
16,4,10.0,1,100000,2,6,0.00018196617812545393,18,2025-10-25T12:53:13,8
16,4,10.0,1,100000,2,6,0.0002483974865379259,18,2025-10-25T12:53:13,2
16,4,10.0,1,100000,2,6,0.0002654185031713537,22,2025-10-25T12:53:13,4
16,4,10.0,1,100000,2,6,0.0002292564770634697,21,2025-10-25T12:53:13,3
16,4,10.0,1,100000,2,6,0.00010412422754710375,18,2025-10-25T12:53:13,1
16,4,10.0,1,100000,2,6,0.0002700253056863381,17,2025-10-25T12:53:13,0
16,4,10.0,1,100000,2,6,0.00021633867580764672,21,2025-10-25T12:53:13,6
16,4,10.0,1,100000,2,7,0.0003197274661800809,19,2025-10-25T12:53:13,5
16,4,10.0,1,100000,2,6,0.0001623664744501825,16,2025-10-25T12:53:13,9
16,4,10.0,1,100000,2,8,7.358535319312254e-05,8,2025-10-25T12:53:13,7
16,4,10.0,1,100000,2,7,9.712018983068096e-05,16,2025-10-25T12:53:13,10
16,4,10.0,1,100000,2,7,0.00019356592164585678,17,2025-10-25T12:53:13,8
16,4,10.0,1,100000,2,7,0.0002322044040210776,21,2025-10-25T12:53:14,2
16,4,10.0,1,100000,2,7,8.801326774269863e-05,12,2025-10-25T12:53:14,0
16,4,10.0,1,100000,2,7,0.00020590261508544958,17,2025-10-25T12:53:14,4
16,4,10.0,1,100000,2,7,0.00018772554825030266,17,2025-10-25T12:53:14,3
16,4,10.0,1,100000,2,7,0.0001144670040051005,12,2025-10-25T12:53:14,6
16,4,10.0,1,100000,2,8,0.00012730179322515222,12,2025-10-25T12:53:14,5
16,4,10.0,1,100000,2,7,0.00014005175495119244,12,2025-10-25T12:53:14,9
16,4,10.0,1,100000,2,9,7.432841508725684e-05,12,2025-10-25T12:53:14,7
16,4,10.0,1,100000,2,7,0.00025345660455191937,19,2025-10-25T12:53:14,1
16,4,10.0,1,100000,2,8,9.473114205469487e-05,14,2025-10-25T12:53:14,10
16,4,10.0,1,100000,2,8,0.0001818671872620837,16,2025-10-25T12:53:14,8
16,4,10.0,1,100000,2,8,8.926413006177728e-05,10,2025-10-25T12:53:14,4
16,4,10.0,1,100000,2,8,0.00017539219588831023,12,2025-10-25T12:53:14,2
16,4,10.0,1,100000,2,8,0.00015412894799764616,18,2025-10-25T12:53:14,0
16,4,10.0,1,100000,2,8,0.00012329915425171337,16,2025-10-25T12:53:14,6
16,4,10.0,1,100000,2,8,0.00017134218211283577,18,2025-10-25T12:53:15,3
16,4,10.0,1,100000,2,9,0.00018601523620464982,15,2025-10-25T12:53:15,5
16,4,10.0,1,100000,2,8,0.00024018602968617217,20,2025-10-25T12:53:15,9
16,4,10.0,1,100000,2,9,0.00025856008408957224,19,2025-10-25T12:53:15,10
16,4,10.0,1,100000,2,9,0.0001235028933024298,15,2025-10-25T12:53:15,8
16,4,10.0,1,100000,2,9,0.00011494960780989025,10,2025-10-25T12:53:15,2
16,4,10.0,1,100000,2,8,0.00019344991129412967,23,2025-10-25T12:53:15,1
16,4,10.0,1,100000,2,9,0.00020993184410920124,17,2025-10-25T12:53:15,4
16,4,10.0,1,100000,2,9,9.746725219923065e-05,11,2025-10-25T12:53:15,0
16,4,10.0,1,100000,2,9,0.00015396553844261286,13,2025-10-25T12:53:15,6
16,4,10.0,1,100000,2,9,0.00020938089775616452,16,2025-10-25T12:53:15,9
16,4,10.0,1,100000,2,9,0.0001983277090188882,24,2025-10-25T12:53:15,3
16,4,10.0,1,100000,2,9,0.00015720696831916992,20,2025-10-25T12:53:15,1
18,4,10.0,1,100000,2,0,0.00018541028199749908,15,2025-10-25T12:53:20,6
18,4,10.0,1,100000,2,0,0.00021364224020930744,11,2025-10-25T12:53:20,8
18,4,10.0,1,100000,2,0,0.0001822953997803085,19,2025-10-25T12:53:20,7
18,4,10.0,1,100000,2,0,0.00032264455346231967,21,2025-10-25T12:53:20,2
18,4,10.0,1,100000,2,0,0.00024399666448824122,15,2025-10-25T12:53:21,9
18,4,10.0,1,100000,2,0,0.00026385594820143335,19,2025-10-25T12:53:21,4
18,4,10.0,1,100000,2,0,0.00021840758196678273,17,2025-10-25T12:53:21,5
18,4,10.0,1,100000,2,0,0.00033874933326334135,19,2025-10-25T12:53:21,3
18,4,10.0,1,100000,2,0,0.00026937063817212393,23,2025-10-25T12:53:21,0
18,4,10.0,1,100000,2,0,0.0004308698622373132,16,2025-10-25T12:53:21,10
18,4,10.0,1,100000,2,0,0.00031769804700590144,25,2025-10-25T12:53:21,1
18,4,10.0,1,100000,2,1,0.00022969837059633763,14,2025-10-25T12:53:23,6
18,4,10.0,1,100000,2,1,0.0002186124050170488,16,2025-10-25T12:53:24,2
18,4,10.0,1,100000,2,1,0.00025925862183097604,15,2025-10-25T12:53:24,9
18,4,10.0,1,100000,2,1,0.00015173241334891864,14,2025-10-25T12:53:24,5
18,4,10.0,1,100000,2,1,0.0003177505953375584,15,2025-10-25T12:53:24,3
18,4,10.0,1,100000,2,1,0.00019180069257776857,14,2025-10-25T12:53:24,1
18,4,10.0,1,100000,2,1,0.0001774955349150563,16,2025-10-25T12:53:24,10
18,4,10.0,1,100000,2,1,0.00034704851564250474,25,2025-10-25T12:53:24,8
18,4,10.0,1,100000,2,1,0.00013490290472514067,15,2025-10-25T12:53:24,0
18,4,10.0,1,100000,2,1,0.00035584102686362035,24,2025-10-25T12:53:24,7
18,4,10.0,1,100000,2,1,0.00026485155585694324,21,2025-10-25T12:53:25,4
18,4,10.0,1,100000,2,2,0.000264720255379918,12,2025-10-25T12:53:26,6
18,4,10.0,1,100000,2,2,0.00019951197675828147,19,2025-10-25T12:53:27,2
18,4,10.0,1,100000,2,2,0.00014171299734436186,15,2025-10-25T12:53:27,8
18,4,10.0,1,100000,2,2,0.0002974434403914842,13,2025-10-25T12:53:28,1
18,4,10.0,1,100000,2,2,0.00026151460932568677,20,2025-10-25T12:53:28,5
18,4,10.0,1,100000,2,2,0.0003136295407492068,18,2025-10-25T12:53:28,3
18,4,10.0,1,100000,2,2,0.00024365874027009463,17,2025-10-25T12:53:28,7
18,4,10.0,1,100000,2,2,0.00017996199229302004,17,2025-10-25T12:53:28,0
18,4,10.0,1,100000,2,2,0.0004105458595948173,19,2025-10-25T12:53:28,10
18,4,10.0,1,100000,2,2,0.00027302127837486133,24,2025-10-25T12:53:28,9
18,4,10.0,1,100000,2,2,0.0002450764159450606,20,2025-10-25T12:53:28,4
18,4,10.0,1,100000,2,3,0.0002580669155506752,16,2025-10-25T12:53:29,6
18,4,10.0,1,100000,2,3,0.00026459452229175866,13,2025-10-25T12:53:30,2
18,4,10.0,1,100000,2,3,0.0002278227992313851,11,2025-10-25T12:53:31,7
18,4,10.0,1,100000,2,3,0.0003069514165677936,10,2025-10-25T12:53:31,4
18,4,10.0,1,100000,2,3,0.00027520150262802935,18,2025-10-25T12:53:31,8
18,4,10.0,1,100000,2,3,0.00018544050744974622,15,2025-10-25T12:53:31,3
18,4,10.0,1,100000,2,3,0.0002530992795837944,16,2025-10-25T12:53:31,10
18,4,10.0,1,100000,2,3,0.0002758242112723317,21,2025-10-25T12:53:31,1
18,4,10.0,1,100000,2,3,0.00024356446357594287,21,2025-10-25T12:53:31,5
18,4,10.0,1,100000,2,3,0.0005241368966235037,18,2025-10-25T12:53:32,0
18,4,10.0,1,100000,2,3,0.00027571603886455926,16,2025-10-25T12:53:32,9
18,4,10.0,1,100000,2,4,0.00035242823504309724,14,2025-10-25T12:53:33,6
18,4,10.0,1,100000,2,4,0.0002612004997020314,18,2025-10-25T12:53:34,4
18,4,10.0,1,100000,2,4,0.00020494704600540657,16,2025-10-25T12:53:35,8
18,4,10.0,1,100000,2,4,0.00032483914387207316,19,2025-10-25T12:53:35,7
18,4,10.0,1,100000,2,4,0.0003169101074922626,11,2025-10-25T12:53:35,0
18,4,10.0,1,100000,2,4,0.00025173858167062285,16,2025-10-25T12:53:35,3
18,4,10.0,1,100000,2,4,0.0004742113390441667,28,2025-10-25T12:53:35,2
18,4,10.0,1,100000,2,4,0.00015288529085458823,14,2025-10-25T12:53:35,5
18,4,10.0,1,100000,2,4,0.00034214674775167323,14,2025-10-25T12:53:35,1
18,4,10.0,1,100000,2,4,0.0002293708796712652,16,2025-10-25T12:53:35,10
18,4,10.0,1,100000,2,4,0.00026389070398294385,15,2025-10-25T12:53:35,9
18,4,10.0,1,100000,2,5,0.00031069391082106464,15,2025-10-25T12:53:36,6
18,4,10.0,1,100000,2,5,0.0002689272012073628,11,2025-10-25T12:53:38,5
18,4,10.0,1,100000,2,5,0.00023025677956183848,15,2025-10-25T12:53:38,3
18,4,10.0,1,100000,2,5,0.00028592760224247274,12,2025-10-25T12:53:38,2
18,4,10.0,1,100000,2,5,0.0002961173671287674,19,2025-10-25T12:53:38,7
18,4,10.0,1,100000,2,5,0.00021688229421414537,20,2025-10-25T12:53:38,8
18,4,10.0,1,100000,2,5,0.00036649460413337677,25,2025-10-25T12:53:39,0
18,4,10.0,1,100000,2,5,0.00035988485787142915,26,2025-10-25T12:53:39,4
18,4,10.0,1,100000,2,5,0.00019617226752118667,22,2025-10-25T12:53:39,9
18,4,10.0,1,100000,2,5,0.0005147648045260902,23,2025-10-25T12:53:39,1
18,4,10.0,1,100000,2,5,0.0005342031716206868,23,2025-10-25T12:53:39,10
18,4,10.0,1,100000,2,6,0.00022403028170759622,14,2025-10-25T12:53:39,6
18,4,10.0,1,100000,2,6,0.0002648012694405667,14,2025-10-25T12:53:41,3
18,4,10.0,1,100000,2,6,0.0003688943528912885,19,2025-10-25T12:53:42,5
18,4,10.0,1,100000,2,6,0.00025852119681781514,18,2025-10-25T12:53:42,2
18,4,10.0,1,100000,2,6,0.0002296782954538836,17,2025-10-25T12:53:42,7
18,4,10.0,1,100000,2,6,0.00029497191307642723,16,2025-10-25T12:53:42,0
18,4,10.0,1,100000,2,6,0.000257786707912468,12,2025-10-25T12:53:42,9
18,4,10.0,1,100000,2,6,0.0002532211929026415,17,2025-10-25T12:53:43,10
18,4,10.0,1,100000,2,6,0.00026533825754304895,24,2025-10-25T12:53:43,8
18,4,10.0,1,100000,2,6,0.00039820014355400405,19,2025-10-25T12:53:43,4
18,4,10.0,1,100000,2,7,0.0002481999202109685,15,2025-10-25T12:53:43,6
18,4,10.0,1,100000,2,6,0.0004020346253245882,22,2025-10-25T12:53:43,1
18,4,10.0,1,100000,2,7,0.000174633638913471,11,2025-10-25T12:53:44,3
18,4,10.0,1,100000,2,7,0.00017417459108757266,14,2025-10-25T12:53:45,2
18,4,10.0,1,100000,2,7,0.000387234628411419,19,2025-10-25T12:53:46,5
18,4,10.0,1,100000,2,7,0.0003625875943807234,15,2025-10-25T12:53:46,9
18,4,10.0,1,100000,2,7,0.0004049938241598845,21,2025-10-25T12:53:46,7
18,4,10.0,1,100000,2,8,0.00011111403182931012,12,2025-10-25T12:53:46,6
18,4,10.0,1,100000,2,7,0.000451971008710414,18,2025-10-25T12:53:46,4
18,4,10.0,1,100000,2,7,0.00028201077422233107,21,2025-10-25T12:53:47,8
18,4,10.0,1,100000,2,7,0.00042935524105211287,21,2025-10-25T12:53:47,10
18,4,10.0,1,100000,2,7,0.00032910673117356756,26,2025-10-25T12:53:47,0
18,4,10.0,1,100000,2,7,0.0003239337339411223,23,2025-10-25T12:53:47,1
18,4,10.0,1,100000,2,8,0.00019927521439234405,20,2025-10-25T12:53:48,3
18,4,10.0,1,100000,2,8,0.00031078586099877575,18,2025-10-25T12:53:49,2
18,4,10.0,1,100000,2,8,0.000220041765163228,17,2025-10-25T12:53:49,9
18,4,10.0,1,100000,2,9,0.0002544243769139021,16,2025-10-25T12:53:50,6
18,4,10.0,1,100000,2,8,0.00033097231024423554,25,2025-10-25T12:53:50,5
18,4,10.0,1,100000,2,8,0.00028129186493173114,20,2025-10-25T12:53:50,4
18,4,10.0,1,100000,2,8,0.00025493918114998594,13,2025-10-25T12:53:50,10
18,4,10.0,1,100000,2,8,0.00031612710341867535,20,2025-10-25T12:53:50,7
18,4,10.0,1,100000,2,8,0.0002945156814944124,17,2025-10-25T12:53:50,8
18,4,10.0,1,100000,2,8,0.00019744835494839142,21,2025-10-25T12:53:51,0
18,4,10.0,1,100000,2,8,0.0004951101577992915,17,2025-10-25T12:53:51,1
18,4,10.0,1,100000,2,9,0.0003353278210800989,17,2025-10-25T12:53:51,3
18,4,10.0,1,100000,2,9,0.00016594750206368864,17,2025-10-25T12:53:52,2
18,4,10.0,1,100000,2,9,0.0002700103618664812,15,2025-10-25T12:53:53,5
18,4,10.0,1,100000,2,9,0.00026574052987905333,22,2025-10-25T12:53:53,9
18,4,10.0,1,100000,2,9,0.0004274204781129911,16,2025-10-25T12:53:53,4
18,4,10.0,1,100000,2,9,0.0003729573740427826,18,2025-10-25T12:53:53,10
18,4,10.0,1,100000,2,9,0.00031325183645319746,20,2025-10-25T12:53:53,8
18,4,10.0,1,100000,2,9,0.00015220803485746363,14,2025-10-25T12:53:54,0
18,4,10.0,1,100000,2,9,0.0003831807453188916,18,2025-10-25T12:53:54,1
18,4,10.0,1,100000,2,9,0.00039946287875502416,30,2025-10-25T12:53:54,7
