n,k,t,l,r,p,rep,norm,active_count,timestamp,worker
6,2,10.0,1,100000,2,0,7.117105614693502e-05,4,2025-10-25T13:52:56,7
6,2,10.0,1,100000,2,0,2.432359173791789e-05,4,2025-10-25T13:52:56,3
6,2,10.0,1,100000,2,0,3.396113798299282e-05,5,2025-10-25T13:52:56,2
6,2,10.0,1,100000,2,0,5.762206050711339e-05,5,2025-10-25T13:52:56,6
6,2,10.0,1,100000,2,0,6.00405372359025e-05,7,2025-10-25T13:52:56,0
6,2,10.0,1,100000,2,0,9.877182760239679e-05,6,2025-10-25T13:52:56,5
6,2,10.0,1,100000,2,0,7.009045022251248e-05,6,2025-10-25T13:52:56,10
6,2,10.0,1,100000,2,0,7.526167741604399e-05,6,2025-10-25T13:52:56,4
6,2,10.0,1,100000,2,0,7.059710419928535e-05,7,2025-10-25T13:52:56,8
6,2,10.0,1,100000,2,0,0.00015353707681927564,8,2025-10-25T13:52:56,1
6,2,10.0,1,100000,2,1,0.00010709025386931563,8,2025-10-25T13:52:56,7
6,2,10.0,1,100000,2,0,0.00014736548468206209,9,2025-10-25T13:52:56,9
6,2,10.0,1,100000,2,1,3.211294300473588e-05,5,2025-10-25T13:52:56,2
6,2,10.0,1,100000,2,1,3.980476259560967e-05,5,2025-10-25T13:52:56,1
6,2,10.0,1,100000,2,1,5.8027369564206953e-05,6,2025-10-25T13:52:56,8
6,2,10.0,1,100000,2,2,1.6618504301539228e-05,5,2025-10-25T13:52:56,1
6,2,10.0,1,100000,2,1,9.385323928692466e-05,5,2025-10-25T13:52:56,6
6,2,10.0,1,100000,2,1,0.00018959161254212693,7,2025-10-25T13:52:56,3
6,2,10.0,1,100000,2,1,1.5726073086684604e-05,7,2025-10-25T13:52:56,5
6,2,10.0,1,100000,2,1,1.5505201243053785e-05,5,2025-10-25T13:52:56,0
6,2,10.0,1,100000,2,1,8.351148753449718e-05,9,2025-10-25T13:52:56,10
6,2,10.0,1,100000,2,1,2.4439004196098307e-05,5,2025-10-25T13:52:56,4
6,2,10.0,1,100000,2,2,7.599082848083078e-05,6,2025-10-25T13:52:56,2
6,2,10.0,1,100000,2,2,6.743413182749913e-05,8,2025-10-25T13:52:56,3
6,2,10.0,1,100000,2,2,0.00012269239964005728,6,2025-10-25T13:52:56,8
6,2,10.0,1,100000,2,2,0.00028612077960066826,8,2025-10-25T13:52:56,7
6,2,10.0,1,100000,2,2,8.792288422871018e-05,9,2025-10-25T13:52:56,10
6,2,10.0,1,100000,2,3,0.00018022031202894338,8,2025-10-25T13:52:56,1
6,2,10.0,1,100000,2,2,8.796596676450603e-05,7,2025-10-25T13:52:56,5
6,2,10.0,1,100000,2,2,6.428217995800388e-05,3,2025-10-25T13:52:56,6
6,2,10.0,1,100000,2,3,8.750492167862557e-05,9,2025-10-25T13:52:56,8
6,2,10.0,1,100000,2,3,9.982383948234968e-05,9,2025-10-25T13:52:56,6
6,2,10.0,1,100000,2,2,9.247771059332411e-05,7,2025-10-25T13:52:56,0
6,2,10.0,1,100000,2,2,1.4982015130169166e-05,3,2025-10-25T13:52:56,4
6,2,10.0,1,100000,2,3,2.1758934289596867e-05,3,2025-10-25T13:52:56,2
6,2,10.0,1,100000,2,1,0.0001610643647147657,10,2025-10-25T13:52:56,9
6,2,10.0,1,100000,2,3,1.0524477885064687e-05,5,2025-10-25T13:52:56,7
6,2,10.0,1,100000,2,3,3.35726998033256e-05,5,2025-10-25T13:52:56,10
6,2,10.0,1,100000,2,3,7.022900673711452e-05,5,2025-10-25T13:52:56,3
6,2,10.0,1,100000,2,4,6.268597556185381e-05,9,2025-10-25T13:52:56,1
6,2,10.0,1,100000,2,3,5.9458367390701566e-05,4,2025-10-25T13:52:56,5
6,2,10.0,1,100000,2,3,0.00018062070037386794,6,2025-10-25T13:52:56,0
6,2,10.0,1,100000,2,4,0.00020011580953095917,7,2025-10-25T13:52:56,2
6,2,10.0,1,100000,2,3,1.9248407396215663e-05,4,2025-10-25T13:52:56,4
6,2,10.0,1,100000,2,4,6.727057622390468e-05,4,2025-10-25T13:52:56,8
6,2,10.0,1,100000,2,4,8.598998012269114e-06,4,2025-10-25T13:52:56,0
6,2,10.0,1,100000,2,4,0.00010878739059008346,6,2025-10-25T13:52:56,6
6,2,10.0,1,100000,2,4,4.5829591292708635e-05,4,2025-10-25T13:52:56,10
6,2,10.0,1,100000,2,2,5.436053749020776e-05,6,2025-10-25T13:52:56,9
6,2,10.0,1,100000,2,5,0.00023951043002996125,8,2025-10-25T13:52:56,1
6,2,10.0,1,100000,2,4,1.447639859466382e-05,4,2025-10-25T13:52:56,4
6,2,10.0,1,100000,2,4,5.761166292118547e-06,5,2025-10-25T13:52:56,5
6,2,10.0,1,100000,2,4,9.325676602904536e-05,11,2025-10-25T13:52:56,7
6,2,10.0,1,100000,2,5,0.000156974103784165,8,2025-10-25T13:52:56,8
6,2,10.0,1,100000,2,5,1.7791180748958118e-05,4,2025-10-25T13:52:56,0
6,2,10.0,1,100000,2,6,2.6958373625036588e-05,5,2025-10-25T13:52:56,8
6,2,10.0,1,100000,2,4,2.6910662488688072e-05,5,2025-10-25T13:52:56,3
6,2,10.0,1,100000,2,3,0.0001092758205633764,8,2025-10-25T13:52:56,9
6,2,10.0,1,100000,2,5,8.740252749371392e-06,3,2025-10-25T13:52:56,2
6,2,10.0,1,100000,2,5,0.00019119427403424468,5,2025-10-25T13:52:56,6
6,2,10.0,1,100000,2,5,0.00016366575929410116,9,2025-10-25T13:52:56,5
6,2,10.0,1,100000,2,5,5.2995346534451935e-05,6,2025-10-25T13:52:56,7
6,2,10.0,1,100000,2,5,7.81900148987227e-06,4,2025-10-25T13:52:56,3
6,2,10.0,1,100000,2,6,4.9239665296559625e-05,6,2025-10-25T13:52:56,7
6,2,10.0,1,100000,2,5,0.00013310381652321214,9,2025-10-25T13:52:56,10
6,2,10.0,1,100000,2,6,7.130185560001349e-05,4,2025-10-25T13:52:56,2
6,2,10.0,1,100000,2,7,5.8486938087322715e-05,6,2025-10-25T13:52:56,8
6,2,10.0,1,100000,2,6,5.6021283246097925e-06,3,2025-10-25T13:52:56,0
6,2,10.0,1,100000,2,7,1.4873810495101453e-05,3,2025-10-25T13:52:56,0
6,2,10.0,1,100000,2,6,3.423219056337912e-05,7,2025-10-25T13:52:56,6
6,2,10.0,1,100000,2,6,9.256776543920003e-05,8,2025-10-25T13:52:56,1
6,2,10.0,1,100000,2,5,0.00011053124443310969,10,2025-10-25T13:52:56,4
6,2,10.0,1,100000,2,4,9.431058709079449e-05,10,2025-10-25T13:52:56,9
6,2,10.0,1,100000,2,8,8.324232797484935e-05,5,2025-10-25T13:52:56,0
6,2,10.0,1,100000,2,6,1.9993778041619047e-05,4,2025-10-25T13:52:56,3
6,2,10.0,1,100000,2,9,4.8733951428616185e-05,6,2025-10-25T13:52:56,0
6,2,10.0,1,100000,2,7,1.7302873138669532e-05,5,2025-10-25T13:52:56,3
6,2,10.0,1,100000,2,6,6.199176356270925e-05,7,2025-10-25T13:52:56,5
6,2,10.0,1,100000,2,8,3.363831349992775e-05,3,2025-10-25T13:52:56,3
6,2,10.0,1,100000,2,6,5.28638192805583e-05,4,2025-10-25T13:52:56,10
6,2,10.0,1,100000,2,6,4.4119210428218926e-05,7,2025-10-25T13:52:56,4
6,2,10.0,1,100000,2,7,2.2581670677728163e-05,3,2025-10-25T13:52:56,6
6,2,10.0,1,100000,2,9,6.596972762178328e-05,5,2025-10-25T13:52:56,3
6,2,10.0,1,100000,2,7,8.90235797787095e-06,6,2025-10-25T13:52:56,7
6,2,10.0,1,100000,2,8,2.8351708688425493e-05,4,2025-10-25T13:52:56,8
6,2,10.0,1,100000,2,5,4.167734365141515e-05,6,2025-10-25T13:52:56,9
6,2,10.0,1,100000,2,7,0.00011354701123450659,8,2025-10-25T13:52:56,2
6,2,10.0,1,100000,2,8,0.00013948528906139175,5,2025-10-25T13:52:56,6
6,2,10.0,1,100000,2,7,8.883447213702526e-05,5,2025-10-25T13:52:56,4
6,2,10.0,1,100000,2,8,4.1845623280441287e-05,3,2025-10-25T13:52:56,4
6,2,10.0,1,100000,2,9,5.211050370747628e-06,5,2025-10-25T13:52:56,4
6,2,10.0,1,100000,2,7,0.00011839706268166667,7,2025-10-25T13:52:56,10
6,2,10.0,1,100000,2,6,0.0001534044778440282,9,2025-10-25T13:52:56,9
6,2,10.0,1,100000,2,7,8.503814556028931e-05,7,2025-10-25T13:52:57,5
6,2,10.0,1,100000,2,8,0.0001315241214896417,6,2025-10-25T13:52:57,5
6,2,10.0,1,100000,2,7,8.843995562215783e-05,8,2025-10-25T13:52:57,1
6,2,10.0,1,100000,2,8,0.00014736885106814197,8,2025-10-25T13:52:57,2
6,2,10.0,1,100000,2,9,0.00010574020998040264,8,2025-10-25T13:52:57,2
6,2,10.0,1,100000,2,8,4.860339457157486e-05,6,2025-10-25T13:52:57,7
6,2,10.0,1,100000,2,7,1.0516261589633949e-05,3,2025-10-25T13:52:57,9
6,2,10.0,1,100000,2,8,5.4604903846245536e-05,6,2025-10-25T13:52:57,10
6,2,10.0,1,100000,2,9,6.014593453576354e-05,8,2025-10-25T13:52:57,8
6,2,10.0,1,100000,2,9,3.493827348724583e-05,10,2025-10-25T13:52:57,6
6,2,10.0,1,100000,2,9,6.467601286316759e-05,4,2025-10-25T13:52:57,5
6,2,10.0,1,100000,2,8,3.700413805162261e-05,5,2025-10-25T13:52:57,9
6,2,10.0,1,100000,2,9,3.904716516285958e-05,5,2025-10-25T13:52:57,7
6,2,10.0,1,100000,2,8,0.00012141936569374259,7,2025-10-25T13:52:57,1
6,2,10.0,1,100000,2,9,9.231283628427758e-05,4,2025-10-25T13:52:57,9
6,2,10.0,1,100000,2,9,6.571637292172218e-05,7,2025-10-25T13:52:57,10
6,2,10.0,1,100000,2,9,6.464410073224314e-05,5,2025-10-25T13:52:57,1
8,2,10.0,1,100000,2,0,0.00016608530159515893,5,2025-10-25T13:52:57,4
8,2,10.0,1,100000,2,0,5.597137119565866e-05,5,2025-10-25T13:52:57,1
8,2,10.0,1,100000,2,0,4.336822745397593e-05,6,2025-10-25T13:52:57,9
8,2,10.0,1,100000,2,0,5.9724691220990547e-05,5,2025-10-25T13:52:57,0
8,2,10.0,1,100000,2,0,9.753826016061015e-05,6,2025-10-25T13:52:57,8
8,2,10.0,1,100000,2,0,2.261162358477139e-05,5,2025-10-25T13:52:57,3
8,2,10.0,1,100000,2,0,4.766773174767119e-05,8,2025-10-25T13:52:57,5
8,2,10.0,1,100000,2,0,7.502509620115663e-05,8,2025-10-25T13:52:57,10
8,2,10.0,1,100000,2,0,0.00035566624651367566,12,2025-10-25T13:52:57,2
8,2,10.0,1,100000,2,1,0.00012517649790397877,8,2025-10-25T13:52:57,4
8,2,10.0,1,100000,2,0,0.00021560702367568778,11,2025-10-25T13:52:57,6
8,2,10.0,1,100000,2,0,0.0001312407693706533,9,2025-10-25T13:52:57,7
8,2,10.0,1,100000,2,1,5.074319336197008e-05,4,2025-10-25T13:52:57,8
8,2,10.0,1,100000,2,1,0.00013465289699786924,9,2025-10-25T13:52:57,10
8,2,10.0,1,100000,2,1,0.00018054385463108275,8,2025-10-25T13:52:57,9
8,2,10.0,1,100000,2,1,0.0001331069256258027,10,2025-10-25T13:52:57,1
8,2,10.0,1,100000,2,1,0.00018876925887810093,9,2025-10-25T13:52:57,0
8,2,10.0,1,100000,2,1,0.0002652868523729222,10,2025-10-25T13:52:57,3
8,2,10.0,1,100000,2,2,0.00017690167188763147,10,2025-10-25T13:52:57,4
8,2,10.0,1,100000,2,1,0.00016232136264980246,9,2025-10-25T13:52:57,2
8,2,10.0,1,100000,2,1,0.00010443505125783679,12,2025-10-25T13:52:57,5
8,2,10.0,1,100000,2,2,0.00018653544697540093,7,2025-10-25T13:52:57,10
8,2,10.0,1,100000,2,2,6.39511847253019e-05,7,2025-10-25T13:52:57,9
8,2,10.0,1,100000,2,1,0.00012805927186318426,12,2025-10-25T13:52:57,6
8,2,10.0,1,100000,2,2,3.240625006021415e-05,4,2025-10-25T13:52:57,1
8,2,10.0,1,100000,2,2,0.0001881814121729406,6,2025-10-25T13:52:57,0
8,2,10.0,1,100000,2,2,0.00020880970047894504,8,2025-10-25T13:52:57,3
8,2,10.0,1,100000,2,3,7.377344821896635e-05,6,2025-10-25T13:52:57,9
8,2,10.0,1,100000,2,2,0.0008174181406524712,11,2025-10-25T13:52:57,2
8,2,10.0,1,100000,2,3,0.00029972063962777,10,2025-10-25T13:52:57,4
8,2,10.0,1,100000,2,3,0.00013503650587404887,8,2025-10-25T13:52:57,10
8,2,10.0,1,100000,2,2,0.0001628455064397081,9,2025-10-25T13:52:57,5
8,2,10.0,1,100000,2,2,9.62843395984495e-05,10,2025-10-25T13:52:57,8
8,2,10.0,1,100000,2,1,0.0004098744965107955,8,2025-10-25T13:52:57,7
8,2,10.0,1,100000,2,2,0.00035824426830534487,7,2025-10-25T13:52:57,6
8,2,10.0,1,100000,2,3,0.00014648215200700277,9,2025-10-25T13:52:57,0
8,2,10.0,1,100000,2,3,8.21796959191513e-05,5,2025-10-25T13:52:57,1
8,2,10.0,1,100000,2,2,0.0002672206369281244,9,2025-10-25T13:52:57,7
8,2,10.0,1,100000,2,3,0.0002862562466030613,13,2025-10-25T13:52:57,3
8,2,10.0,1,100000,2,4,2.1505205878971462e-05,7,2025-10-25T13:52:57,0
8,2,10.0,1,100000,2,3,0.00010568129549413316,5,2025-10-25T13:52:57,8
8,2,10.0,1,100000,2,3,0.0002660279799469872,10,2025-10-25T13:52:57,5
8,2,10.0,1,100000,2,4,0.00011431660822862172,9,2025-10-25T13:52:57,9
8,2,10.0,1,100000,2,4,8.445033782040684e-05,5,2025-10-25T13:52:57,10
8,2,10.0,1,100000,2,4,0.00023401887482851636,11,2025-10-25T13:52:57,1
8,2,10.0,1,100000,2,4,7.101464693161682e-05,5,2025-10-25T13:52:57,4
8,2,10.0,1,100000,2,3,0.00013922921788797122,10,2025-10-25T13:52:57,6
8,2,10.0,1,100000,2,4,0.0001457772122696397,10,2025-10-25T13:52:57,8
8,2,10.0,1,100000,2,3,0.00021711820789137605,6,2025-10-25T13:52:57,7
8,2,10.0,1,100000,2,5,9.645121111240376e-05,5,2025-10-25T13:52:57,8
8,2,10.0,1,100000,2,5,3.021787235081637e-05,4,2025-10-25T13:52:57,10
8,2,10.0,1,100000,2,4,8.911839248034188e-05,7,2025-10-25T13:52:57,7
8,2,10.0,1,100000,2,3,0.0001860812697387802,13,2025-10-25T13:52:57,2
8,2,10.0,1,100000,2,5,0.00014534661638047078,6,2025-10-25T13:52:57,4
8,2,10.0,1,100000,2,5,0.00015667578874205116,6,2025-10-25T13:52:57,9
8,2,10.0,1,100000,2,4,0.0004526187294442902,10,2025-10-25T13:52:57,5
8,2,10.0,1,100000,2,4,0.0001585488458091422,9,2025-10-25T13:52:57,3
8,2,10.0,1,100000,2,5,0.00023678491370741052,10,2025-10-25T13:52:57,1
8,2,10.0,1,100000,2,5,0.00011209210568086408,12,2025-10-25T13:52:57,0
8,2,10.0,1,100000,2,6,7.159013386990034e-05,5,2025-10-25T13:52:57,9
8,2,10.0,1,100000,2,4,6.760888622428842e-05,12,2025-10-25T13:52:57,6
8,2,10.0,1,100000,2,6,0.0004287007202663327,12,2025-10-25T13:52:57,8
8,2,10.0,1,100000,2,5,0.00016094517231622112,9,2025-10-25T13:52:57,7
8,2,10.0,1,100000,2,6,0.0001461333483169417,7,2025-10-25T13:52:57,4
8,2,10.0,1,100000,2,6,0.00010887181045682263,10,2025-10-25T13:52:57,10
8,2,10.0,1,100000,2,4,7.206545592112488e-05,10,2025-10-25T13:52:57,2
8,2,10.0,1,100000,2,6,6.894690539905938e-05,5,2025-10-25T13:52:57,1
8,2,10.0,1,100000,2,5,0.00011730206056163921,10,2025-10-25T13:52:57,3
8,2,10.0,1,100000,2,7,6.893785615081748e-05,5,2025-10-25T13:52:57,10
8,2,10.0,1,100000,2,7,0.00018436728318047598,10,2025-10-25T13:52:57,8
8,2,10.0,1,100000,2,5,0.00036674045781898265,11,2025-10-25T13:52:57,5
8,2,10.0,1,100000,2,8,7.293394270685704e-05,5,2025-10-25T13:52:57,10
8,2,10.0,1,100000,2,6,2.464232106195835e-05,3,2025-10-25T13:52:57,7
8,2,10.0,1,100000,2,8,4.8135539581928637e-05,5,2025-10-25T13:52:57,8
8,2,10.0,1,100000,2,9,0.00032815402492661854,9,2025-10-25T13:52:57,10
8,2,10.0,1,100000,2,6,0.0001326490841336897,10,2025-10-25T13:52:57,0
8,2,10.0,1,100000,2,5,0.00018520054494427067,7,2025-10-25T13:52:57,2
8,2,10.0,1,100000,2,9,9.013654065510115e-05,7,2025-10-25T13:52:57,8
8,2,10.0,1,100000,2,7,8.070049968876948e-05,8,2025-10-25T13:52:57,4
8,2,10.0,1,100000,2,7,0.00048703823115658874,13,2025-10-25T13:52:57,9
8,2,10.0,1,100000,2,5,0.00029405908180115444,12,2025-10-25T13:52:57,6
8,2,10.0,1,100000,2,6,0.0001227819090784957,7,2025-10-25T13:52:57,5
8,2,10.0,1,100000,2,7,8.50140977708197e-06,5,2025-10-25T13:52:57,1
8,2,10.0,1,100000,2,6,0.00016536365791668746,12,2025-10-25T13:52:57,3
8,2,10.0,1,100000,2,7,0.0002460920424265087,12,2025-10-25T13:52:57,7
8,2,10.0,1,100000,2,8,0.00014924580323585465,10,2025-10-25T13:52:57,1
8,2,10.0,1,100000,2,8,0.0002040147558985352,9,2025-10-25T13:52:57,4
8,2,10.0,1,100000,2,9,7.825061696358638e-05,7,2025-10-25T13:52:57,1
8,2,10.0,1,100000,2,8,0.00021302356701285275,11,2025-10-25T13:52:57,9
8,2,10.0,1,100000,2,9,0.0003038107682263821,9,2025-10-25T13:52:57,4
8,2,10.0,1,100000,2,9,0.00014855526632932058,9,2025-10-25T13:52:57,9
8,2,10.0,1,100000,2,7,0.00025443352965646824,12,2025-10-25T13:52:57,0
8,2,10.0,1,100000,2,7,7.363376189415277e-05,9,2025-10-25T13:52:57,3
8,2,10.0,1,100000,2,8,0.0001137838265135171,9,2025-10-25T13:52:57,7
8,2,10.0,1,100000,2,9,1.3018892173130817e-05,4,2025-10-25T13:52:57,7
8,2,10.0,1,100000,2,7,0.00018508337379200113,8,2025-10-25T13:52:57,5
8,2,10.0,1,100000,2,8,2.924112080549043e-05,3,2025-10-25T13:52:57,5
8,2,10.0,1,100000,2,6,0.00018705215129614876,10,2025-10-25T13:52:57,6
8,2,10.0,1,100000,2,7,0.00011201790077189461,7,2025-10-25T13:52:57,6
8,2,10.0,1,100000,2,8,8.537857616808973e-05,7,2025-10-25T13:52:57,0
8,2,10.0,1,100000,2,6,8.243510224043185e-05,10,2025-10-25T13:52:57,2
8,2,10.0,1,100000,2,7,1.033370728443132e-05,6,2025-10-25T13:52:57,2
8,2,10.0,1,100000,2,9,6.18368281909725e-05,6,2025-10-25T13:52:57,5
8,2,10.0,1,100000,2,8,9.464870411299697e-05,7,2025-10-25T13:52:57,2
8,2,10.0,1,100000,2,9,4.384888802346133e-06,5,2025-10-25T13:52:57,0
8,2,10.0,1,100000,2,8,7.94092566475959e-05,6,2025-10-25T13:52:57,3
8,2,10.0,1,100000,2,8,0.00017476728643884111,10,2025-10-25T13:52:57,6
8,2,10.0,1,100000,2,9,0.00039409347975927054,9,2025-10-25T13:52:57,2
8,2,10.0,1,100000,2,9,0.0002548053472099172,9,2025-10-25T13:52:57,3
8,2,10.0,1,100000,2,9,0.00020931303423208324,9,2025-10-25T13:52:57,6
10,2,10.0,1,100000,2,0,7.667350307790959e-05,6,2025-10-25T13:52:57,8
10,2,10.0,1,100000,2,0,0.00018234285222504997,7,2025-10-25T13:52:57,7
10,2,10.0,1,100000,2,0,0.0001374495372901062,8,2025-10-25T13:52:57,5
10,2,10.0,1,100000,2,0,4.495601239179926e-05,7,2025-10-25T13:52:57,0
10,2,10.0,1,100000,2,0,0.00028763870937759795,8,2025-10-25T13:52:57,3
10,2,10.0,1,100000,2,0,0.00018656547444491345,11,2025-10-25T13:52:57,2
10,2,10.0,1,100000,2,0,0.00023373221619252003,13,2025-10-25T13:52:57,10
10,2,10.0,1,100000,2,0,0.00043926502612616096,12,2025-10-25T13:52:57,1
10,2,10.0,1,100000,2,0,0.0001043908460603816,8,2025-10-25T13:52:57,9
10,2,10.0,1,100000,2,0,0.00027105683094921107,10,2025-10-25T13:52:57,6
10,2,10.0,1,100000,2,0,0.0005013733798953144,14,2025-10-25T13:52:57,4
10,2,10.0,1,100000,2,1,0.00015119964502786548,8,2025-10-25T13:52:57,0
10,2,10.0,1,100000,2,1,0.0003315629324846448,9,2025-10-25T13:52:57,7
10,2,10.0,1,100000,2,1,0.00010695234591856772,8,2025-10-25T13:52:57,5
10,2,10.0,1,100000,2,1,0.00021417127546638335,11,2025-10-25T13:52:57,8
10,2,10.0,1,100000,2,1,0.0004893169181257375,10,2025-10-25T13:52:57,3
10,2,10.0,1,100000,2,1,3.7814243600088344e-05,6,2025-10-25T13:52:57,9
10,2,10.0,1,100000,2,1,0.00013558687408487987,11,2025-10-25T13:52:57,2
10,2,10.0,1,100000,2,2,0.0004460458973139053,7,2025-10-25T13:52:57,7
10,2,10.0,1,100000,2,1,0.00017323333840490453,7,2025-10-25T13:52:57,1
10,2,10.0,1,100000,2,2,0.0001333278397507337,7,2025-10-25T13:52:57,0
10,2,10.0,1,100000,2,1,0.00018365772768686847,10,2025-10-25T13:52:57,6
10,2,10.0,1,100000,2,1,0.00043006863359352165,12,2025-10-25T13:52:57,10
10,2,10.0,1,100000,2,2,0.0003761307889979388,8,2025-10-25T13:52:57,9
10,2,10.0,1,100000,2,1,0.00010263011063580446,8,2025-10-25T13:52:57,4
10,2,10.0,1,100000,2,2,0.00013779116932519512,12,2025-10-25T13:52:57,8
10,2,10.0,1,100000,2,3,0.00027524106962813606,10,2025-10-25T13:52:57,7
10,2,10.0,1,100000,2,2,0.000333747733143803,9,2025-10-25T13:52:57,6
10,2,10.0,1,100000,2,2,8.077128706190244e-05,6,2025-10-25T13:52:57,10
10,2,10.0,1,100000,2,2,0.0004036816986362263,12,2025-10-25T13:52:57,2
10,2,10.0,1,100000,2,3,0.00027620251788256064,10,2025-10-25T13:52:57,9
10,2,10.0,1,100000,2,2,0.0004404191953582429,9,2025-10-25T13:52:57,1
10,2,10.0,1,100000,2,3,0.00013257729056604856,9,2025-10-25T13:52:57,0
10,2,10.0,1,100000,2,2,0.00043015034199096725,13,2025-10-25T13:52:57,5
10,2,10.0,1,100000,2,2,0.000333063635794168,14,2025-10-25T13:52:57,3
10,2,10.0,1,100000,2,2,0.00012890431098981512,7,2025-10-25T13:52:57,4
10,2,10.0,1,100000,2,4,0.00027447182890455413,10,2025-10-25T13:52:57,7
10,2,10.0,1,100000,2,3,0.0005053300118792295,11,2025-10-25T13:52:57,8
10,2,10.0,1,100000,2,3,0.00010525470679157338,3,2025-10-25T13:52:57,5
10,2,10.0,1,100000,2,4,0.0005396214227327574,10,2025-10-25T13:52:57,9
10,2,10.0,1,100000,2,3,0.00015038293111606604,11,2025-10-25T13:52:57,10
10,2,10.0,1,100000,2,3,0.0002977720134608887,13,2025-10-25T13:52:57,6
10,2,10.0,1,100000,2,3,0.0004422597999320287,13,2025-10-25T13:52:57,2
10,2,10.0,1,100000,2,4,0.00019949560293293676,11,2025-10-25T13:52:57,0
10,2,10.0,1,100000,2,3,0.00025387816089449984,10,2025-10-25T13:52:57,4
10,2,10.0,1,100000,2,3,8.350674481284826e-05,11,2025-10-25T13:52:57,1
10,2,10.0,1,100000,2,3,0.00039622814055052786,11,2025-10-25T13:52:57,3
10,2,10.0,1,100000,2,5,0.00037259451787076837,10,2025-10-25T13:52:57,7
10,2,10.0,1,100000,2,4,0.00022472867138122117,9,2025-10-25T13:52:57,5
10,2,10.0,1,100000,2,4,0.0006063081842436839,10,2025-10-25T13:52:57,10
10,2,10.0,1,100000,2,4,0.0002482030640938541,7,2025-10-25T13:52:57,8
10,2,10.0,1,100000,2,5,0.0001533587595884311,11,2025-10-25T13:52:57,9
10,2,10.0,1,100000,2,4,6.773051763493438e-05,7,2025-10-25T13:52:57,2
10,2,10.0,1,100000,2,5,0.00024104542308050708,8,2025-10-25T13:52:57,0
10,2,10.0,1,100000,2,4,0.00040961524219650905,15,2025-10-25T13:52:57,6
10,2,10.0,1,100000,2,4,0.00029865787954215343,10,2025-10-25T13:52:57,4
10,2,10.0,1,100000,2,5,0.00034206660485111594,9,2025-10-25T13:52:57,8
10,2,10.0,1,100000,2,4,0.0001469648296705579,11,2025-10-25T13:52:57,1
10,2,10.0,1,100000,2,4,0.00023227596401888072,11,2025-10-25T13:52:57,3
10,2,10.0,1,100000,2,6,0.00021029881904251663,11,2025-10-25T13:52:57,7
10,2,10.0,1,100000,2,5,0.0004951844760348375,12,2025-10-25T13:52:57,5
10,2,10.0,1,100000,2,5,0.0003751920077032581,14,2025-10-25T13:52:57,10
10,2,10.0,1,100000,2,5,0.00021795516958197824,9,2025-10-25T13:52:57,2
10,2,10.0,1,100000,2,5,0.0001973783340406343,9,2025-10-25T13:52:57,6
10,2,10.0,1,100000,2,6,0.00010050028118591086,12,2025-10-25T13:52:57,9
10,2,10.0,1,100000,2,6,0.00031755225721832663,10,2025-10-25T13:52:57,0
10,2,10.0,1,100000,2,6,5.5650028368570335e-05,9,2025-10-25T13:52:58,8
10,2,10.0,1,100000,2,5,0.00026517615236377096,12,2025-10-25T13:52:58,4
10,2,10.0,1,100000,2,7,0.00015392548752286926,8,2025-10-25T13:52:58,7
10,2,10.0,1,100000,2,5,0.0003305898265904525,9,2025-10-25T13:52:58,1
10,2,10.0,1,100000,2,5,0.0002362955755771741,11,2025-10-25T13:52:58,3
10,2,10.0,1,100000,2,6,0.0003605724872597183,9,2025-10-25T13:52:58,10
10,2,10.0,1,100000,2,6,0.0001386268479126547,6,2025-10-25T13:52:58,2
10,2,10.0,1,100000,2,6,0.00024710419855609284,8,2025-10-25T13:52:58,6
10,2,10.0,1,100000,2,6,0.0003058039120564792,12,2025-10-25T13:52:58,5
10,2,10.0,1,100000,2,7,0.00015917563942099,10,2025-10-25T13:52:58,0
10,2,10.0,1,100000,2,7,0.0006213801432227461,14,2025-10-25T13:52:58,9
10,2,10.0,1,100000,2,7,0.00014558746821873904,6,2025-10-25T13:52:58,10
10,2,10.0,1,100000,2,6,0.0001013808854887832,8,2025-10-25T13:52:58,4
10,2,10.0,1,100000,2,6,0.0004383140567710843,10,2025-10-25T13:52:58,1
10,2,10.0,1,100000,2,7,0.00037502785964273986,14,2025-10-25T13:52:58,8
10,2,10.0,1,100000,2,7,0.00014289942629496877,7,2025-10-25T13:52:58,2
10,2,10.0,1,100000,2,8,0.0003575857734538928,12,2025-10-25T13:52:58,7
10,2,10.0,1,100000,2,6,0.0005575571965385596,12,2025-10-25T13:52:58,3
10,2,10.0,1,100000,2,7,8.26019779784202e-05,3,2025-10-25T13:52:58,1
10,2,10.0,1,100000,2,8,0.0001463264856289727,7,2025-10-25T13:52:58,9
10,2,10.0,1,100000,2,8,5.6159756913570885e-05,5,2025-10-25T13:52:58,10
10,2,10.0,1,100000,2,7,0.00038444386883400517,14,2025-10-25T13:52:58,6
10,2,10.0,1,100000,2,7,0.0002790981024541249,13,2025-10-25T13:52:58,5
10,2,10.0,1,100000,2,8,0.00013833158131511055,7,2025-10-25T13:52:58,8
10,2,10.0,1,100000,2,7,0.00012007642867510223,5,2025-10-25T13:52:58,3
10,2,10.0,1,100000,2,8,0.0004756786384683899,13,2025-10-25T13:52:58,0
10,2,10.0,1,100000,2,8,0.0001269982074216065,11,2025-10-25T13:52:58,2
10,2,10.0,1,100000,2,7,0.0001328606667841138,9,2025-10-25T13:52:58,4
10,2,10.0,1,100000,2,9,8.05456512029548e-05,9,2025-10-25T13:52:58,7
10,2,10.0,1,100000,2,8,1.7813195622433034e-05,5,2025-10-25T13:52:58,6
10,2,10.0,1,100000,2,9,0.0002469750606688003,8,2025-10-25T13:52:58,8
10,2,10.0,1,100000,2,8,0.00036983584596034675,11,2025-10-25T13:52:58,1
10,2,10.0,1,100000,2,8,0.0006361566296578499,9,2025-10-25T13:52:58,5
10,2,10.0,1,100000,2,9,0.00018329436174230438,8,2025-10-25T13:52:58,2
10,2,10.0,1,100000,2,9,0.00023227431908872745,10,2025-10-25T13:52:58,10
10,2,10.0,1,100000,2,9,0.0001756498371800112,12,2025-10-25T13:52:58,0
10,2,10.0,1,100000,2,8,9.342242813149104e-05,8,2025-10-25T13:52:58,3
10,2,10.0,1,100000,2,9,0.00016889581928130392,6,2025-10-25T13:52:58,6
10,2,10.0,1,100000,2,9,0.0002983561770941015,16,2025-10-25T13:52:58,9
10,2,10.0,1,100000,2,8,0.0005180355108552151,14,2025-10-25T13:52:58,4
10,2,10.0,1,100000,2,9,0.0002046456195501596,10,2025-10-25T13:52:58,1
10,2,10.0,1,100000,2,9,0.0001420756239578353,10,2025-10-25T13:52:58,5
10,2,10.0,1,100000,2,9,0.0003468736682814379,11,2025-10-25T13:52:58,4
10,2,10.0,1,100000,2,9,0.00025740492538388647,15,2025-10-25T13:52:58,3
12,2,10.0,1,100000,2,0,0.0002458420399739735,8,2025-10-25T13:52:58,3
12,2,10.0,1,100000,2,0,0.0005846427686826182,11,2025-10-25T13:52:58,4
12,2,10.0,1,100000,2,0,0.0010054704394656551,11,2025-10-25T13:52:58,9
12,2,10.0,1,100000,2,0,0.00032864842992177143,12,2025-10-25T13:52:58,2
12,2,10.0,1,100000,2,0,0.00035426140100957085,11,2025-10-25T13:52:58,6
12,2,10.0,1,100000,2,0,0.0004138627501094998,12,2025-10-25T13:52:58,1
12,2,10.0,1,100000,2,0,0.00029788884108854425,13,2025-10-25T13:52:58,0
12,2,10.0,1,100000,2,0,0.00046451734676815343,15,2025-10-25T13:52:58,10
12,2,10.0,1,100000,2,0,0.00029833908640771936,13,2025-10-25T13:52:58,7
12,2,10.0,1,100000,2,0,0.000650590857944552,15,2025-10-25T13:52:58,8
12,2,10.0,1,100000,2,0,0.0006697706547875153,14,2025-10-25T13:52:58,5
12,2,10.0,1,100000,2,1,0.0005076393764216659,7,2025-10-25T13:52:58,0
12,2,10.0,1,100000,2,1,0.00012288419903692203,8,2025-10-25T13:52:58,7
12,2,10.0,1,100000,2,1,0.00039091764783666117,8,2025-10-25T13:52:58,2
12,2,10.0,1,100000,2,1,0.00020309355043495413,11,2025-10-25T13:52:58,4
12,2,10.0,1,100000,2,1,0.00029376799089427484,14,2025-10-25T13:52:58,3
12,2,10.0,1,100000,2,1,0.0007533903085795801,13,2025-10-25T13:52:58,9
12,2,10.0,1,100000,2,1,0.0005240285372490213,12,2025-10-25T13:52:58,6
12,2,10.0,1,100000,2,1,0.00022600320980968567,11,2025-10-25T13:52:58,1
12,2,10.0,1,100000,2,1,6.938253285600127e-05,7,2025-10-25T13:52:58,5
12,2,10.0,1,100000,2,1,0.001059471866891166,15,2025-10-25T13:52:58,10
12,2,10.0,1,100000,2,1,0.0008167155319299855,17,2025-10-25T13:52:58,8
12,2,10.0,1,100000,2,2,0.00030411026639920355,9,2025-10-25T13:52:58,6
12,2,10.0,1,100000,2,2,0.00026573508637465506,10,2025-10-25T13:52:58,3
12,2,10.0,1,100000,2,2,0.0003717396352003241,10,2025-10-25T13:52:58,9
12,2,10.0,1,100000,2,2,0.0004184631990244718,13,2025-10-25T13:52:58,7
12,2,10.0,1,100000,2,2,0.0008540766637677402,12,2025-10-25T13:52:58,4
12,2,10.0,1,100000,2,2,0.0006436932903257696,12,2025-10-25T13:52:58,1
12,2,10.0,1,100000,2,2,0.0002259529627428595,10,2025-10-25T13:52:58,10
12,2,10.0,1,100000,2,2,0.00019746127742829194,13,2025-10-25T13:52:58,2
12,2,10.0,1,100000,2,2,0.0006064867941361405,21,2025-10-25T13:52:58,0
12,2,10.0,1,100000,2,3,0.00016672832424374556,10,2025-10-25T13:52:58,6
12,2,10.0,1,100000,2,2,0.0006353933583141062,15,2025-10-25T13:52:58,5
12,2,10.0,1,100000,2,2,0.000355201777538951,11,2025-10-25T13:52:58,8
12,2,10.0,1,100000,2,3,0.000518998082352201,14,2025-10-25T13:52:58,3
12,2,10.0,1,100000,2,3,8.467051011259661e-05,9,2025-10-25T13:52:58,2
12,2,10.0,1,100000,2,3,0.0003250378066751315,13,2025-10-25T13:52:58,4
12,2,10.0,1,100000,2,3,0.00016975157866206772,6,2025-10-25T13:52:58,0
12,2,10.0,1,100000,2,3,0.0007568192938218699,16,2025-10-25T13:52:58,9
12,2,10.0,1,100000,2,3,0.0004903523621667752,7,2025-10-25T13:52:58,5
12,2,10.0,1,100000,2,3,0.00041741660393621407,17,2025-10-25T13:52:58,10
12,2,10.0,1,100000,2,4,0.00014336110736400934,7,2025-10-25T13:52:58,3
12,2,10.0,1,100000,2,3,0.0009909721522589746,16,2025-10-25T13:52:58,1
12,2,10.0,1,100000,2,3,0.0005634676563808466,21,2025-10-25T13:52:58,7
12,2,10.0,1,100000,2,4,0.0005162985295327431,12,2025-10-25T13:52:58,6
12,2,10.0,1,100000,2,4,0.00038742348639150213,9,2025-10-25T13:52:58,2
12,2,10.0,1,100000,2,3,0.0002676950561806429,13,2025-10-25T13:52:58,8
12,2,10.0,1,100000,2,4,0.0006562567223528114,15,2025-10-25T13:52:58,0
12,2,10.0,1,100000,2,5,0.00023317679015402154,8,2025-10-25T13:52:58,3
12,2,10.0,1,100000,2,4,0.0009310281452163176,14,2025-10-25T13:52:58,5
12,2,10.0,1,100000,2,4,0.0005888813231309652,16,2025-10-25T13:52:58,4
12,2,10.0,1,100000,2,4,0.0004053437081276572,14,2025-10-25T13:52:58,9
12,2,10.0,1,100000,2,4,0.000447248109991035,13,2025-10-25T13:52:58,1
12,2,10.0,1,100000,2,4,0.000310713928829453,13,2025-10-25T13:52:58,7
12,2,10.0,1,100000,2,5,0.00048038989498158695,13,2025-10-25T13:52:58,2
12,2,10.0,1,100000,2,5,0.0006882234373817032,15,2025-10-25T13:52:58,6
12,2,10.0,1,100000,2,4,0.0004731594037937725,14,2025-10-25T13:52:58,10
12,2,10.0,1,100000,2,4,0.0003772806814526039,12,2025-10-25T13:52:59,8
12,2,10.0,1,100000,2,5,0.0001751515547548452,11,2025-10-25T13:52:59,0
12,2,10.0,1,100000,2,5,0.00010119943227601394,8,2025-10-25T13:52:59,9
12,2,10.0,1,100000,2,6,0.00025369623211359736,12,2025-10-25T13:52:59,3
12,2,10.0,1,100000,2,5,0.0004463150137995152,13,2025-10-25T13:52:59,4
12,2,10.0,1,100000,2,5,0.0003299935601356095,13,2025-10-25T13:52:59,5
12,2,10.0,1,100000,2,6,6.886642602844953e-05,11,2025-10-25T13:52:59,2
12,2,10.0,1,100000,2,5,0.0004951285267826921,11,2025-10-25T13:52:59,7
12,2,10.0,1,100000,2,5,0.00018174380262127792,11,2025-10-25T13:52:59,10
12,2,10.0,1,100000,2,5,0.00034613440194735735,13,2025-10-25T13:52:59,1
12,2,10.0,1,100000,2,6,0.00044818452010890865,17,2025-10-25T13:52:59,6
12,2,10.0,1,100000,2,6,0.0003208727803320625,12,2025-10-25T13:52:59,0
12,2,10.0,1,100000,2,5,0.00041934822495258233,13,2025-10-25T13:52:59,8
12,2,10.0,1,100000,2,6,0.00036542751693317946,12,2025-10-25T13:52:59,9
12,2,10.0,1,100000,2,7,0.00024908073657539144,9,2025-10-25T13:52:59,2
12,2,10.0,1,100000,2,6,0.00011688855789638817,11,2025-10-25T13:52:59,7
12,2,10.0,1,100000,2,6,0.00022214748037708464,11,2025-10-25T13:52:59,1
12,2,10.0,1,100000,2,6,0.00045463847723821086,14,2025-10-25T13:52:59,5
12,2,10.0,1,100000,2,7,0.00031021814919869915,9,2025-10-25T13:52:59,9
12,2,10.0,1,100000,2,7,0.0002769563890040108,10,2025-10-25T13:52:59,0
12,2,10.0,1,100000,2,7,0.000298212986730047,14,2025-10-25T13:52:59,6
12,2,10.0,1,100000,2,7,0.0008459703171320739,22,2025-10-25T13:52:59,3
12,2,10.0,1,100000,2,6,0.0005410758600495956,22,2025-10-25T13:52:59,4
12,2,10.0,1,100000,2,7,0.0002916291208785043,9,2025-10-25T13:52:59,7
12,2,10.0,1,100000,2,6,0.0005119834204626688,20,2025-10-25T13:52:59,10
12,2,10.0,1,100000,2,8,0.0002525164807264363,15,2025-10-25T13:52:59,2
12,2,10.0,1,100000,2,7,0.0002852241361202764,8,2025-10-25T13:52:59,5
12,2,10.0,1,100000,2,7,0.0001071106445599726,10,2025-10-25T13:52:59,1
12,2,10.0,1,100000,2,8,0.00031719034739490735,9,2025-10-25T13:52:59,0
12,2,10.0,1,100000,2,6,0.0007197051465541815,20,2025-10-25T13:52:59,8
12,2,10.0,1,100000,2,8,0.00040703102854829326,13,2025-10-25T13:52:59,3
12,2,10.0,1,100000,2,8,0.0007910516674930534,13,2025-10-25T13:52:59,6
12,2,10.0,1,100000,2,7,0.0007364032468691007,17,2025-10-25T13:52:59,4
12,2,10.0,1,100000,2,9,0.0009260819764443092,12,2025-10-25T13:52:59,2
12,2,10.0,1,100000,2,8,0.0010163798042319007,17,2025-10-25T13:52:59,9
12,2,10.0,1,100000,2,7,0.00027397236952246274,13,2025-10-25T13:52:59,10
12,2,10.0,1,100000,2,8,0.0002881616379661058,12,2025-10-25T13:52:59,1
12,2,10.0,1,100000,2,8,0.0007744901168868935,14,2025-10-25T13:52:59,5
12,2,10.0,1,100000,2,8,0.000837109044493907,18,2025-10-25T13:52:59,7
12,2,10.0,1,100000,2,9,9.03367109780237e-05,7,2025-10-25T13:52:59,6
12,2,10.0,1,100000,2,9,0.0003205363026445097,9,2025-10-25T13:52:59,3
12,2,10.0,1,100000,2,9,0.0007790217939567125,16,2025-10-25T13:52:59,0
12,2,10.0,1,100000,2,7,0.000598235825524882,15,2025-10-25T13:52:59,8
12,2,10.0,1,100000,2,8,0.0002380283787144725,11,2025-10-25T13:52:59,4
12,2,10.0,1,100000,2,9,0.0003640387905890233,8,2025-10-25T13:52:59,1
12,2,10.0,1,100000,2,9,0.00011554198791552704,10,2025-10-25T13:52:59,5
12,2,10.0,1,100000,2,8,0.0004537040424598666,14,2025-10-25T13:52:59,10
12,2,10.0,1,100000,2,9,0.00012332525656024142,6,2025-10-25T13:52:59,4
12,2,10.0,1,100000,2,9,0.0005144738636602225,14,2025-10-25T13:52:59,7
12,2,10.0,1,100000,2,9,0.000719254835553419,19,2025-10-25T13:52:59,9
12,2,10.0,1,100000,2,8,0.00047090569353775693,13,2025-10-25T13:52:59,8
12,2,10.0,1,100000,2,9,0.0006877557342474,12,2025-10-25T13:52:59,10
12,2,10.0,1,100000,2,9,0.00030689846575368513,12,2025-10-25T13:52:59,8
14,2,10.0,1,100000,2,0,0.0004848129503707765,12,2025-10-25T13:52:59,1
14,2,10.0,1,100000,2,0,0.0008111789392879683,12,2025-10-25T13:52:59,8
14,2,10.0,1,100000,2,0,0.0013137126790956106,15,2025-10-25T13:52:59,3
14,2,10.0,1,100000,2,0,0.0003958279503628814,12,2025-10-25T13:52:59,5
14,2,10.0,1,100000,2,0,0.0005188501145158126,16,2025-10-25T13:52:59,0
14,2,10.0,1,100000,2,0,0.00044215225223020435,16,2025-10-25T13:52:59,6
14,2,10.0,1,100000,2,0,0.0005319567030116882,15,2025-10-25T13:52:59,9
14,2,10.0,1,100000,2,0,0.0006041812390514789,16,2025-10-25T13:52:59,7
14,2,10.0,1,100000,2,0,0.0012909058009080694,20,2025-10-25T13:52:59,4
14,2,10.0,1,100000,2,0,0.0009102004927533439,17,2025-10-25T13:52:59,2
14,2,10.0,1,100000,2,0,0.0006796129204428148,19,2025-10-25T13:52:59,10
14,2,10.0,1,100000,2,1,0.00023409980387769202,5,2025-10-25T13:52:59,7
14,2,10.0,1,100000,2,1,8.349753433543006e-05,7,2025-10-25T13:52:59,4
14,2,10.0,1,100000,2,1,0.00020616516399716732,10,2025-10-25T13:52:59,8
14,2,10.0,1,100000,2,1,0.0007656823575998535,15,2025-10-25T13:53:00,5
14,2,10.0,1,100000,2,1,0.0007629599183667225,15,2025-10-25T13:53:00,6
14,2,10.0,1,100000,2,1,0.00047225507980543227,14,2025-10-25T13:53:00,10
14,2,10.0,1,100000,2,1,0.000734397712023895,13,2025-10-25T13:53:00,9
14,2,10.0,1,100000,2,1,0.0009327852950586494,19,2025-10-25T13:53:00,3
14,2,10.0,1,100000,2,1,0.000625233405504572,18,2025-10-25T13:53:00,0
14,2,10.0,1,100000,2,1,0.0008863602566883461,18,2025-10-25T13:53:00,2
14,2,10.0,1,100000,2,1,0.0006420813591690616,22,2025-10-25T13:53:00,1
14,2,10.0,1,100000,2,2,0.0004946200260901037,16,2025-10-25T13:53:00,7
14,2,10.0,1,100000,2,2,0.00082193972652956,11,2025-10-25T13:53:00,4
14,2,10.0,1,100000,2,2,0.0008680274622280517,13,2025-10-25T13:53:00,8
14,2,10.0,1,100000,2,2,7.625799966694703e-05,6,2025-10-25T13:53:00,5
14,2,10.0,1,100000,2,2,0.00011002406709106399,7,2025-10-25T13:53:00,3
14,2,10.0,1,100000,2,2,0.0002152207026741907,11,2025-10-25T13:53:00,0
14,2,10.0,1,100000,2,2,0.000796774086936304,13,2025-10-25T13:53:00,9
14,2,10.0,1,100000,2,2,0.00037208359292733754,13,2025-10-25T13:53:00,10
14,2,10.0,1,100000,2,2,0.0005747610355403668,10,2025-10-25T13:53:00,2
14,2,10.0,1,100000,2,2,0.0006610850977805763,14,2025-10-25T13:53:00,1
14,2,10.0,1,100000,2,2,0.0010756857984653139,16,2025-10-25T13:53:00,6
14,2,10.0,1,100000,2,3,0.001263982057042594,13,2025-10-25T13:53:00,7
14,2,10.0,1,100000,2,3,0.0007845264539319618,12,2025-10-25T13:53:00,4
14,2,10.0,1,100000,2,3,0.000514171829374136,14,2025-10-25T13:53:00,8
14,2,10.0,1,100000,2,3,0.0009555196259556824,16,2025-10-25T13:53:00,5
14,2,10.0,1,100000,2,3,0.0006365203536307205,18,2025-10-25T13:53:00,3
14,2,10.0,1,100000,2,3,0.00044932449386793735,10,2025-10-25T13:53:00,9
14,2,10.0,1,100000,2,3,0.0002516205356003734,12,2025-10-25T13:53:00,0
14,2,10.0,1,100000,2,4,0.0003789494623480059,9,2025-10-25T13:53:00,7
14,2,10.0,1,100000,2,3,0.0005278087521590536,14,2025-10-25T13:53:00,6
14,2,10.0,1,100000,2,3,0.0007964130863753068,14,2025-10-25T13:53:00,1
14,2,10.0,1,100000,2,3,0.0008706333965190628,15,2025-10-25T13:53:00,2
14,2,10.0,1,100000,2,3,0.0007074970800808926,20,2025-10-25T13:53:00,10
14,2,10.0,1,100000,2,4,0.0005988339012015865,15,2025-10-25T13:53:00,8
14,2,10.0,1,100000,2,4,0.0007544836456745322,12,2025-10-25T13:53:00,5
14,2,10.0,1,100000,2,4,0.00010186816582586409,8,2025-10-25T13:53:00,0
14,2,10.0,1,100000,2,4,0.000490560818609698,14,2025-10-25T13:53:00,3
14,2,10.0,1,100000,2,4,0.0012373618509893736,21,2025-10-25T13:53:00,4
14,2,10.0,1,100000,2,4,0.0014245111265831516,11,2025-10-25T13:53:00,2
14,2,10.0,1,100000,2,4,0.001361924309682178,17,2025-10-25T13:53:00,9
14,2,10.0,1,100000,2,5,0.0014029988736703096,15,2025-10-25T13:53:00,7
14,2,10.0,1,100000,2,4,0.0003768161764506331,13,2025-10-25T13:53:00,1
14,2,10.0,1,100000,2,5,0.00020773575947762016,9,2025-10-25T13:53:00,8
14,2,10.0,1,100000,2,4,0.0006961122349797151,16,2025-10-25T13:53:00,6
14,2,10.0,1,100000,2,5,0.0004982807954152998,14,2025-10-25T13:53:00,5
14,2,10.0,1,100000,2,5,0.00033338389327156916,13,2025-10-25T13:53:00,0
14,2,10.0,1,100000,2,4,0.000590456839558512,13,2025-10-25T13:53:00,10
14,2,10.0,1,100000,2,5,9.856921794664605e-05,10,2025-10-25T13:53:00,4
14,2,10.0,1,100000,2,5,0.0007107594635286881,15,2025-10-25T13:53:00,3
14,2,10.0,1,100000,2,5,0.0004418235195119102,8,2025-10-25T13:53:00,9
14,2,10.0,1,100000,2,5,0.0005526986020080627,11,2025-10-25T13:53:01,1
14,2,10.0,1,100000,2,6,0.0003404767755544768,11,2025-10-25T13:53:01,7
14,2,10.0,1,100000,2,6,0.0002970698500199092,10,2025-10-25T13:53:01,5
14,2,10.0,1,100000,2,6,0.0002593237179321388,10,2025-10-25T13:53:01,8
14,2,10.0,1,100000,2,5,0.0005922562830388318,12,2025-10-25T13:53:01,6
14,2,10.0,1,100000,2,6,0.00020181519442837983,10,2025-10-25T13:53:01,4
14,2,10.0,1,100000,2,5,0.002006476336421374,13,2025-10-25T13:53:01,10
14,2,10.0,1,100000,2,6,0.0005285935563284705,14,2025-10-25T13:53:01,0
14,2,10.0,1,100000,2,6,0.0004676674890223662,12,2025-10-25T13:53:01,3
14,2,10.0,1,100000,2,5,0.0011976986842319804,24,2025-10-25T13:53:01,2
14,2,10.0,1,100000,2,6,0.000647449030675931,15,2025-10-25T13:53:01,9
14,2,10.0,1,100000,2,7,0.0013253636801179292,13,2025-10-25T13:53:01,8
14,2,10.0,1,100000,2,7,0.00044920684980229717,12,2025-10-25T13:53:01,7
14,2,10.0,1,100000,2,6,0.0007787938034431937,16,2025-10-25T13:53:01,1
14,2,10.0,1,100000,2,6,0.000326931113256941,14,2025-10-25T13:53:01,10
14,2,10.0,1,100000,2,6,0.0011257711929091466,17,2025-10-25T13:53:01,6
14,2,10.0,1,100000,2,7,0.001450954609955188,21,2025-10-25T13:53:01,5
14,2,10.0,1,100000,2,6,0.00023679513730253643,11,2025-10-25T13:53:01,2
14,2,10.0,1,100000,2,7,0.0010219683126684144,17,2025-10-25T13:53:01,4
14,2,10.0,1,100000,2,7,0.0010379820661738566,18,2025-10-25T13:53:01,0
14,2,10.0,1,100000,2,7,0.0004463871303389229,16,2025-10-25T13:53:01,3
14,2,10.0,1,100000,2,7,0.0006372117254628823,15,2025-10-25T13:53:01,9
14,2,10.0,1,100000,2,8,0.0006625971066214989,16,2025-10-25T13:53:01,8
14,2,10.0,1,100000,2,7,0.0007325838018831492,12,2025-10-25T13:53:01,1
14,2,10.0,1,100000,2,7,0.00031382227705603746,9,2025-10-25T13:53:01,10
14,2,10.0,1,100000,2,8,0.00045792981475045757,15,2025-10-25T13:53:01,7
14,2,10.0,1,100000,2,8,0.00028046495764332094,10,2025-10-25T13:53:01,5
14,2,10.0,1,100000,2,7,0.0005776430631130137,11,2025-10-25T13:53:01,6
14,2,10.0,1,100000,2,7,0.0003433148085858584,11,2025-10-25T13:53:01,2
14,2,10.0,1,100000,2,8,0.0006155189064553245,11,2025-10-25T13:53:01,3
14,2,10.0,1,100000,2,8,0.0007172627600733368,14,2025-10-25T13:53:01,4
14,2,10.0,1,100000,2,8,0.00034514468548504517,12,2025-10-25T13:53:01,9
14,2,10.0,1,100000,2,8,0.0004248255840230563,15,2025-10-25T13:53:01,1
14,2,10.0,1,100000,2,9,0.000305943233882922,11,2025-10-25T13:53:01,7
14,2,10.0,1,100000,2,8,0.0009685236022772354,20,2025-10-25T13:53:01,0
14,2,10.0,1,100000,2,9,0.0016231239828603864,18,2025-10-25T13:53:01,8
14,2,10.0,1,100000,2,8,0.00030023906633312876,16,2025-10-25T13:53:01,10
14,2,10.0,1,100000,2,8,0.0009860273626555458,13,2025-10-25T13:53:01,6
14,2,10.0,1,100000,2,9,0.000703992750177483,12,2025-10-25T13:53:01,9
14,2,10.0,1,100000,2,9,0.0010529428300299084,14,2025-10-25T13:53:01,3
14,2,10.0,1,100000,2,9,0.0007879526788038094,19,2025-10-25T13:53:01,5
14,2,10.0,1,100000,2,8,0.0009637457120674223,15,2025-10-25T13:53:01,2
14,2,10.0,1,100000,2,9,0.00040570532789297473,18,2025-10-25T13:53:01,4
14,2,10.0,1,100000,2,9,0.0007618810514168783,11,2025-10-25T13:53:02,10
14,2,10.0,1,100000,2,9,0.0007196502022656946,15,2025-10-25T13:53:02,1
14,2,10.0,1,100000,2,9,0.000759501887876893,17,2025-10-25T13:53:02,0
14,2,10.0,1,100000,2,9,0.0009135477053941667,12,2025-10-25T13:53:02,6
14,2,10.0,1,100000,2,9,0.0001614087534112285,9,2025-10-25T13:53:02,2
16,2,10.0,1,100000,2,0,0.0003796019437258664,11,2025-10-25T13:53:02,3
16,2,10.0,1,100000,2,0,0.0005897193486720018,12,2025-10-25T13:53:02,5
16,2,10.0,1,100000,2,0,0.00029667110281352113,11,2025-10-25T13:53:02,9
16,2,10.0,1,100000,2,0,0.00037067640294184733,13,2025-10-25T13:53:02,2
16,2,10.0,1,100000,2,0,0.0009976478393979153,17,2025-10-25T13:53:02,6
16,2,10.0,1,100000,2,0,0.001086416335655124,14,2025-10-25T13:53:02,8
16,2,10.0,1,100000,2,0,0.0015892281164714421,16,2025-10-25T13:53:02,4
16,2,10.0,1,100000,2,1,7.136245885010429e-05,6,2025-10-25T13:53:02,5
16,2,10.0,1,100000,2,0,0.0014710798176467575,14,2025-10-25T13:53:02,10
16,2,10.0,1,100000,2,0,0.0013849750049487932,19,2025-10-25T13:53:02,0
16,2,10.0,1,100000,2,0,0.0007932161798732313,16,2025-10-25T13:53:02,7
16,2,10.0,1,100000,2,0,0.0010077021521166997,18,2025-10-25T13:53:02,1
16,2,10.0,1,100000,2,1,0.0005802978467072426,17,2025-10-25T13:53:03,3
16,2,10.0,1,100000,2,1,0.0006642777933775582,10,2025-10-25T13:53:03,0
16,2,10.0,1,100000,2,1,0.0005738607180038307,16,2025-10-25T13:53:03,2
16,2,10.0,1,100000,2,1,0.0012187832616718138,18,2025-10-25T13:53:03,8
16,2,10.0,1,100000,2,1,0.0011246680699635424,17,2025-10-25T13:53:03,6
16,2,10.0,1,100000,2,1,0.0021363396160043835,22,2025-10-25T13:53:03,9
16,2,10.0,1,100000,2,1,0.000668336624714765,15,2025-10-25T13:53:03,10
16,2,10.0,1,100000,2,1,0.00105482779609071,15,2025-10-25T13:53:03,1
16,2,10.0,1,100000,2,1,0.001586575755019893,18,2025-10-25T13:53:03,4
16,2,10.0,1,100000,2,2,0.0011231551836289907,23,2025-10-25T13:53:03,5
16,2,10.0,1,100000,2,1,0.0014846563388997366,20,2025-10-25T13:53:03,7
16,2,10.0,1,100000,2,2,0.0005335492269147105,13,2025-10-25T13:53:04,0
16,2,10.0,1,100000,2,2,0.0011659395666740672,16,2025-10-25T13:53:04,3
16,2,10.0,1,100000,2,2,0.0004947055767939728,10,2025-10-25T13:53:04,10
16,2,10.0,1,100000,2,2,0.0006625413018676295,17,2025-10-25T13:53:04,8
16,2,10.0,1,100000,2,2,0.0008605842281772573,10,2025-10-25T13:53:04,4
16,2,10.0,1,100000,2,2,0.0012896262704650174,16,2025-10-25T13:53:04,9
16,2,10.0,1,100000,2,2,0.0013937654246521183,18,2025-10-25T13:53:04,6
16,2,10.0,1,100000,2,2,0.0006118541666358871,21,2025-10-25T13:53:04,2
16,2,10.0,1,100000,2,2,0.0010814787204196522,16,2025-10-25T13:53:04,1
16,2,10.0,1,100000,2,3,0.000712698270639699,13,2025-10-25T13:53:04,5
16,2,10.0,1,100000,2,2,0.0015142221787281523,21,2025-10-25T13:53:04,7
16,2,10.0,1,100000,2,3,0.0006500928044299784,16,2025-10-25T13:53:04,0
16,2,10.0,1,100000,2,3,0.00033674042255166746,8,2025-10-25T13:53:04,1
16,2,10.0,1,100000,2,3,0.0004343062644120166,11,2025-10-25T13:53:04,6
16,2,10.0,1,100000,2,3,0.0019012793607146247,23,2025-10-25T13:53:04,3
16,2,10.0,1,100000,2,3,0.000925908458750531,19,2025-10-25T13:53:05,10
16,2,10.0,1,100000,2,3,0.00046836804869893013,16,2025-10-25T13:53:05,8
16,2,10.0,1,100000,2,3,0.0007034538544256905,15,2025-10-25T13:53:05,4
16,2,10.0,1,100000,2,4,0.00012278341596428277,6,2025-10-25T13:53:05,3
16,2,10.0,1,100000,2,4,7.143158812940627e-05,12,2025-10-25T13:53:05,5
16,2,10.0,1,100000,2,3,0.0007098387819040298,18,2025-10-25T13:53:05,2
16,2,10.0,1,100000,2,3,0.0016632192865933654,24,2025-10-25T13:53:05,9
16,2,10.0,1,100000,2,4,0.0008638911758976811,13,2025-10-25T13:53:05,0
16,2,10.0,1,100000,2,4,0.0015386211896680577,16,2025-10-25T13:53:05,6
16,2,10.0,1,100000,2,3,0.0008876992423099426,21,2025-10-25T13:53:05,7
16,2,10.0,1,100000,2,4,0.0018188542559754643,23,2025-10-25T13:53:05,1
16,2,10.0,1,100000,2,5,0.0005339045732981539,13,2025-10-25T13:53:05,5
16,2,10.0,1,100000,2,5,0.0005105233216593679,14,2025-10-25T13:53:05,3
16,2,10.0,1,100000,2,4,0.001807023551769482,18,2025-10-25T13:53:06,8
16,2,10.0,1,100000,2,4,0.0003848507215557547,17,2025-10-25T13:53:06,4
16,2,10.0,1,100000,2,4,0.0015809455886276527,21,2025-10-25T13:53:06,10
16,2,10.0,1,100000,2,5,0.0007835657006627309,14,2025-10-25T13:53:06,0
16,2,10.0,1,100000,2,5,0.0011566148703083042,13,2025-10-25T13:53:06,6
16,2,10.0,1,100000,2,4,0.0015165987894663576,21,2025-10-25T13:53:06,2
16,2,10.0,1,100000,2,6,0.001066432458363634,12,2025-10-25T13:53:06,3
16,2,10.0,1,100000,2,4,0.0008666364303714848,19,2025-10-25T13:53:06,9
16,2,10.0,1,100000,2,4,0.0008460929628980005,15,2025-10-25T13:53:06,7
16,2,10.0,1,100000,2,5,0.0018963085159341567,15,2025-10-25T13:53:06,10
16,2,10.0,1,100000,2,6,0.0008938148911495732,12,2025-10-25T13:53:06,5
16,2,10.0,1,100000,2,5,0.0009585496546257035,14,2025-10-25T13:53:06,1
16,2,10.0,1,100000,2,5,0.0009021468959280189,12,2025-10-25T13:53:06,4
16,2,10.0,1,100000,2,5,0.001506724635172847,24,2025-10-25T13:53:07,8
16,2,10.0,1,100000,2,5,0.0003436620853803312,10,2025-10-25T13:53:07,7
16,2,10.0,1,100000,2,5,0.0013988573217584336,16,2025-10-25T13:53:07,2
16,2,10.0,1,100000,2,6,0.0019099490455871094,22,2025-10-25T13:53:07,0
16,2,10.0,1,100000,2,7,0.000610796017910385,11,2025-10-25T13:53:07,5
16,2,10.0,1,100000,2,6,0.0004928992392811321,19,2025-10-25T13:53:07,6
16,2,10.0,1,100000,2,5,0.0008112906739964426,20,2025-10-25T13:53:07,9
16,2,10.0,1,100000,2,7,0.0012230475445312893,20,2025-10-25T13:53:07,3
16,2,10.0,1,100000,2,6,0.0007572839724935981,18,2025-10-25T13:53:07,1
16,2,10.0,1,100000,2,6,0.0005545133224561712,18,2025-10-25T13:53:07,4
16,2,10.0,1,100000,2,6,0.0008836030598453909,18,2025-10-25T13:53:07,10
16,2,10.0,1,100000,2,6,0.0010417508937963697,13,2025-10-25T13:53:07,2
16,2,10.0,1,100000,2,6,0.001124690397676188,13,2025-10-25T13:53:07,7
16,2,10.0,1,100000,2,8,0.0015294979048766871,14,2025-10-25T13:53:07,5
16,2,10.0,1,100000,2,6,0.0008128305928779449,18,2025-10-25T13:53:07,8
16,2,10.0,1,100000,2,6,0.0006613411743445626,11,2025-10-25T13:53:08,9
16,2,10.0,1,100000,2,7,0.0017032044914709944,15,2025-10-25T13:53:08,4
16,2,10.0,1,100000,2,7,0.0010574460784244274,18,2025-10-25T13:53:08,6
16,2,10.0,1,100000,2,8,0.00046694289787793295,14,2025-10-25T13:53:08,3
16,2,10.0,1,100000,2,7,0.0006801667669686616,20,2025-10-25T13:53:08,0
16,2,10.0,1,100000,2,7,0.0010416668040530723,14,2025-10-25T13:53:08,1
16,2,10.0,1,100000,2,7,0.0008557946809834514,17,2025-10-25T13:53:08,10
16,2,10.0,1,100000,2,7,0.0009878752850919024,16,2025-10-25T13:53:08,2
16,2,10.0,1,100000,2,9,0.000387192630442404,9,2025-10-25T13:53:08,3
16,2,10.0,1,100000,2,7,0.0015180475775568908,15,2025-10-25T13:53:08,8
16,2,10.0,1,100000,2,7,0.0010560167008963261,15,2025-10-25T13:53:08,7
16,2,10.0,1,100000,2,8,0.0006535536494152239,15,2025-10-25T13:53:08,6
16,2,10.0,1,100000,2,9,0.0009729709774960307,18,2025-10-25T13:53:08,5
16,2,10.0,1,100000,2,8,0.0005356201974619,14,2025-10-25T13:53:08,10
16,2,10.0,1,100000,2,8,0.0009764390403392474,17,2025-10-25T13:53:08,4
16,2,10.0,1,100000,2,8,0.0004657837047605327,12,2025-10-25T13:53:08,0
16,2,10.0,1,100000,2,8,0.0005211315735915548,15,2025-10-25T13:53:08,1
16,2,10.0,1,100000,2,7,0.0017289098829970817,21,2025-10-25T13:53:09,9
16,2,10.0,1,100000,2,8,0.00031098807976350033,14,2025-10-25T13:53:09,2
16,2,10.0,1,100000,2,9,0.00045442781243194407,14,2025-10-25T13:53:09,6
16,2,10.0,1,100000,2,8,0.0013883261985873148,17,2025-10-25T13:53:09,7
16,2,10.0,1,100000,2,8,0.0010431373465473344,19,2025-10-25T13:53:09,8
16,2,10.0,1,100000,2,9,0.0007749634398435172,13,2025-10-25T13:53:09,4
16,2,10.0,1,100000,2,9,0.0010661661102232402,15,2025-10-25T13:53:09,10
16,2,10.0,1,100000,2,9,0.0004467409893136443,17,2025-10-25T13:53:09,0
16,2,10.0,1,100000,2,8,0.0013888743374922655,14,2025-10-25T13:53:09,9
16,2,10.0,1,100000,2,9,0.0008790441178157922,15,2025-10-25T13:53:09,1
16,2,10.0,1,100000,2,9,0.001203796977503981,17,2025-10-25T13:53:09,2
16,2,10.0,1,100000,2,9,0.0018228007070977918,15,2025-10-25T13:53:09,7
16,2,10.0,1,100000,2,9,0.0007412090413878744,14,2025-10-25T13:53:09,8
16,2,10.0,1,100000,2,9,0.0008925121432166496,19,2025-10-25T13:53:10,9
18,2,10.0,1,100000,2,0,0.0003642620880703332,11,2025-10-25T13:53:13,8
18,2,10.0,1,100000,2,0,0.0006035988514459212,14,2025-10-25T13:53:13,1
18,2,10.0,1,100000,2,0,0.0009862029598587951,14,2025-10-25T13:53:13,10
18,2,10.0,1,100000,2,0,0.0021804592944571497,15,2025-10-25T13:53:13,4
18,2,10.0,1,100000,2,0,0.0020641749435373466,19,2025-10-25T13:53:14,7
18,2,10.0,1,100000,2,0,0.0015075030233838522,20,2025-10-25T13:53:14,3
18,2,10.0,1,100000,2,0,0.00308558588430073,19,2025-10-25T13:53:14,9
18,2,10.0,1,100000,2,0,0.0016372281741415912,20,2025-10-25T13:53:14,2
18,2,10.0,1,100000,2,0,0.0016787146768627332,22,2025-10-25T13:53:14,6
18,2,10.0,1,100000,2,0,0.0022622495923285916,22,2025-10-25T13:53:14,0
18,2,10.0,1,100000,2,0,0.001654726376638673,24,2025-10-25T13:53:14,5
18,2,10.0,1,100000,2,1,0.0009019230990460959,13,2025-10-25T13:53:15,7
18,2,10.0,1,100000,2,1,0.0016836303371885368,23,2025-10-25T13:53:16,9
18,2,10.0,1,100000,2,1,0.0006283685222750854,11,2025-10-25T13:53:17,2
18,2,10.0,1,100000,2,1,0.0027952739902867675,17,2025-10-25T13:53:17,8
18,2,10.0,1,100000,2,1,0.0009184112934726576,14,2025-10-25T13:53:17,3
18,2,10.0,1,100000,2,1,0.0011312010106990307,18,2025-10-25T13:53:17,4
18,2,10.0,1,100000,2,1,0.0023036569801385626,20,2025-10-25T13:53:17,1
18,2,10.0,1,100000,2,1,0.0008600945146872795,16,2025-10-25T13:53:17,6
18,2,10.0,1,100000,2,1,0.0009793638606726972,16,2025-10-25T13:53:17,5
18,2,10.0,1,100000,2,1,0.0015876812481555888,23,2025-10-25T13:53:17,10
18,2,10.0,1,100000,2,1,0.001531385702033985,18,2025-10-25T13:53:18,0
18,2,10.0,1,100000,2,2,0.003041377105454955,23,2025-10-25T13:53:19,7
18,2,10.0,1,100000,2,2,0.0014769081858367322,17,2025-10-25T13:53:19,8
18,2,10.0,1,100000,2,2,0.0020066092497276,22,2025-10-25T13:53:20,9
18,2,10.0,1,100000,2,2,0.0009634382840158467,11,2025-10-25T13:53:20,1
18,2,10.0,1,100000,2,3,0.000632634679587032,10,2025-10-25T13:53:20,8
18,2,10.0,1,100000,2,2,0.0008118199583750492,17,2025-10-25T13:53:20,2
18,2,10.0,1,100000,2,2,0.0007569618292685298,11,2025-10-25T13:53:21,10
18,2,10.0,1,100000,2,3,0.0012960282858712185,18,2025-10-25T13:53:21,7
18,2,10.0,1,100000,2,2,0.001059215352916984,16,2025-10-25T13:53:21,5
18,2,10.0,1,100000,2,2,0.0030957042648793887,18,2025-10-25T13:53:21,6
18,2,10.0,1,100000,2,2,0.0026114388605032123,25,2025-10-25T13:53:21,3
18,2,10.0,1,100000,2,2,0.0021236327147546937,19,2025-10-25T13:53:22,0
18,2,10.0,1,100000,2,2,0.0016235984285487485,27,2025-10-25T13:53:22,4
18,2,10.0,1,100000,2,3,0.0011312777572502614,13,2025-10-25T13:53:22,2
18,2,10.0,1,100000,2,3,0.00047244326158893575,10,2025-10-25T13:53:23,3
18,2,10.0,1,100000,2,3,0.0012940491769707445,16,2025-10-25T13:53:24,1
18,2,10.0,1,100000,2,3,0.0029766225596692185,20,2025-10-25T13:53:24,9
18,2,10.0,1,100000,2,3,0.0016869696546852808,14,2025-10-25T13:53:24,6
18,2,10.0,1,100000,2,4,0.001789243330754651,23,2025-10-25T13:53:24,8
18,2,10.0,1,100000,2,3,0.0021449402464604533,19,2025-10-25T13:53:25,10
18,2,10.0,1,100000,2,4,0.0009339402315498065,19,2025-10-25T13:53:25,7
18,2,10.0,1,100000,2,3,0.0007028494502528468,14,2025-10-25T13:53:25,4
18,2,10.0,1,100000,2,3,0.0025345667334493657,23,2025-10-25T13:53:25,5
18,2,10.0,1,100000,2,3,0.0010607513912045936,19,2025-10-25T13:53:26,0
18,2,10.0,1,100000,2,4,0.0015550099234259082,14,2025-10-25T13:53:26,2
18,2,10.0,1,100000,2,4,0.0009560714457765741,18,2025-10-25T13:53:26,1
18,2,10.0,1,100000,2,4,0.001953913285065797,17,2025-10-25T13:53:27,3
18,2,10.0,1,100000,2,4,0.0008719334725675886,13,2025-10-25T13:53:27,4
18,2,10.0,1,100000,2,4,0.0023642007683000775,19,2025-10-25T13:53:28,10
18,2,10.0,1,100000,2,5,0.0012452474989524144,17,2025-10-25T13:53:28,8
18,2,10.0,1,100000,2,4,0.0023275512786564267,22,2025-10-25T13:53:28,9
18,2,10.0,1,100000,2,4,0.0018325244736848562,20,2025-10-25T13:53:28,6
18,2,10.0,1,100000,2,5,0.0009842631858843712,17,2025-10-25T13:53:28,7
18,2,10.0,1,100000,2,4,0.001176036536749727,20,2025-10-25T13:53:29,5
18,2,10.0,1,100000,2,5,0.0014104020737746741,15,2025-10-25T13:53:29,1
18,2,10.0,1,100000,2,5,0.0027797468480672224,20,2025-10-25T13:53:29,2
18,2,10.0,1,100000,2,4,0.0018247222658935203,25,2025-10-25T13:53:30,0
18,2,10.0,1,100000,2,5,0.001145128706378097,16,2025-10-25T13:53:30,10
18,2,10.0,1,100000,2,5,0.0015797627884055043,15,2025-10-25T13:53:30,3
18,2,10.0,1,100000,2,5,0.0013118706632337669,16,2025-10-25T13:53:30,4
18,2,10.0,1,100000,2,6,0.0026633822622104146,13,2025-10-25T13:53:32,10
18,2,10.0,1,100000,2,6,0.001416807221516206,20,2025-10-25T13:53:32,8
18,2,10.0,1,100000,2,5,0.0012324903231382134,16,2025-10-25T13:53:32,9
18,2,10.0,1,100000,2,6,0.0016716714922820181,18,2025-10-25T13:53:32,7
18,2,10.0,1,100000,2,5,0.002195557378591776,19,2025-10-25T13:53:32,6
18,2,10.0,1,100000,2,6,0.001506258265178675,17,2025-10-25T13:53:33,2
18,2,10.0,1,100000,2,5,0.0017023527093029827,19,2025-10-25T13:53:33,5
18,2,10.0,1,100000,2,6,0.0026315545413305302,18,2025-10-25T13:53:33,1
18,2,10.0,1,100000,2,5,0.0011570694571334148,17,2025-10-25T13:53:34,0
18,2,10.0,1,100000,2,6,0.0016410424644175625,18,2025-10-25T13:53:34,3
18,2,10.0,1,100000,2,6,0.0014225784245770565,16,2025-10-25T13:53:34,4
18,2,10.0,1,100000,2,7,0.002521635265362238,19,2025-10-25T13:53:34,8
18,2,10.0,1,100000,2,6,0.0010139745635984149,12,2025-10-25T13:53:34,6
18,2,10.0,1,100000,2,7,0.0010927317124910603,14,2025-10-25T13:53:35,2
18,2,10.0,1,100000,2,7,0.001151444215572234,16,2025-10-25T13:53:36,7
18,2,10.0,1,100000,2,7,0.0014034861890149972,24,2025-10-25T13:53:36,10
18,2,10.0,1,100000,2,6,0.0018105320337031962,21,2025-10-25T13:53:36,9
18,2,10.0,1,100000,2,6,0.001765140182054881,20,2025-10-25T13:53:37,5
18,2,10.0,1,100000,2,7,0.0009022265106609537,15,2025-10-25T13:53:37,1
18,2,10.0,1,100000,2,7,0.0005698236552341425,13,2025-10-25T13:53:37,4
18,2,10.0,1,100000,2,8,0.0005384780218856481,10,2025-10-25T13:53:37,8
18,2,10.0,1,100000,2,7,0.0021136420825447937,19,2025-10-25T13:53:38,3
18,2,10.0,1,100000,2,7,0.0014475252016627259,17,2025-10-25T13:53:38,6
18,2,10.0,1,100000,2,6,0.0016370492967966112,23,2025-10-25T13:53:38,0
18,2,10.0,1,100000,2,8,0.0013681932568876613,18,2025-10-25T13:53:38,2
18,2,10.0,1,100000,2,8,0.0016508600759647376,15,2025-10-25T13:53:39,7
18,2,10.0,1,100000,2,7,0.0007013619920837978,14,2025-10-25T13:53:39,9
18,2,10.0,1,100000,2,8,0.0024161617512082002,21,2025-10-25T13:53:40,10
18,2,10.0,1,100000,2,7,0.002480288335180542,24,2025-10-25T13:53:41,5
18,2,10.0,1,100000,2,8,0.002315911372957025,23,2025-10-25T13:53:41,1
18,2,10.0,1,100000,2,8,0.0013276256416652698,22,2025-10-25T13:53:41,4
18,2,10.0,1,100000,2,8,0.0004409844106804922,13,2025-10-25T13:53:41,6
18,2,10.0,1,100000,2,8,0.0008186958180455166,18,2025-10-25T13:53:41,3
18,2,10.0,1,100000,2,9,0.0041968078961399265,25,2025-10-25T13:53:42,8
18,2,10.0,1,100000,2,7,0.0015668341084483903,19,2025-10-25T13:53:42,0
18,2,10.0,1,100000,2,9,0.001550566450709958,23,2025-10-25T13:53:42,2
18,2,10.0,1,100000,2,9,0.002346500754568184,18,2025-10-25T13:53:43,7
18,2,10.0,1,100000,2,9,0.001860266975727301,16,2025-10-25T13:53:43,10
18,2,10.0,1,100000,2,8,0.0003272583233363766,11,2025-10-25T13:53:44,5
18,2,10.0,1,100000,2,8,0.0017072428207657853,23,2025-10-25T13:53:44,9
18,2,10.0,1,100000,2,9,0.0014105913592778487,19,2025-10-25T13:53:44,1
18,2,10.0,1,100000,2,9,0.0015765976555390034,15,2025-10-25T13:53:44,4
18,2,10.0,1,100000,2,9,0.0019114617392267162,22,2025-10-25T13:53:45,3
18,2,10.0,1,100000,2,9,0.002301103384849146,26,2025-10-25T13:53:45,6
18,2,10.0,1,100000,2,8,0.0026123143422061967,21,2025-10-25T13:53:45,0
18,2,10.0,1,100000,2,9,0.00024998332955403435,10,2025-10-25T13:53:46,0
18,2,10.0,1,100000,2,9,0.0015332453315849272,16,2025-10-25T13:53:46,9
18,2,10.0,1,100000,2,9,0.0020524635806856476,26,2025-10-25T13:53:46,5
