n,k,t,l,r,p,rep,norm,timestamp,worker
6,4,10.0,2,100000,2,0,1.4704102268736116e-10,2025-10-05T01:47:33,0
6,4,10.0,2,100000,2,0,5.5041859593591346e-11,2025-10-05T01:47:33,1
6,4,10.0,2,100000,2,0,2.145529145977757e-10,2025-10-05T01:47:33,2
6,4,10.0,2,100000,2,0,1.5583007647139168e-10,2025-10-05T01:47:33,4
6,4,10.0,2,100000,2,0,2.9069265879333246e-10,2025-10-05T01:47:33,3
6,4,10.0,2,100000,2,0,9.026245558031759e-11,2025-10-05T01:47:33,6
6,4,10.0,2,100000,2,0,2.509059565193194e-10,2025-10-05T01:47:33,8
6,4,10.0,2,100000,2,0,1.238704402108095e-10,2025-10-05T01:47:33,9
6,4,10.0,2,100000,2,0,2.4775778385220484e-10,2025-10-05T01:47:34,5
6,4,10.0,2,100000,2,0,2.4594198886862584e-10,2025-10-05T01:47:34,7
6,4,10.0,2,100000,2,0,1.6724605773605727e-10,2025-10-05T01:47:34,10
6,4,10.0,2,100000,2,1,1.950924507180274e-10,2025-10-05T01:47:34,1
6,4,10.0,2,100000,2,1,7.94938907370579e-11,2025-10-05T01:47:34,0
6,4,10.0,2,100000,2,1,1.6951000838030975e-10,2025-10-05T01:47:34,3
6,4,10.0,2,100000,2,1,1.6671525930505667e-10,2025-10-05T01:47:34,2
6,4,10.0,2,100000,2,1,1.169901705521456e-10,2025-10-05T01:47:34,8
6,4,10.0,2,100000,2,1,2.908349332225209e-10,2025-10-05T01:47:34,6
6,4,10.0,2,100000,2,1,3.5431914907193785e-10,2025-10-05T01:47:34,7
6,4,10.0,2,100000,2,1,1.0751884887944164e-10,2025-10-05T01:47:34,4
6,4,10.0,2,100000,2,1,2.6244357659323095e-10,2025-10-05T01:47:34,5
6,4,10.0,2,100000,2,1,1.0358725119346523e-10,2025-10-05T01:47:34,9
6,4,10.0,2,100000,2,1,1.4406878584378375e-10,2025-10-05T01:47:34,10
6,4,10.0,2,100000,2,2,1.5319720062475872e-10,2025-10-05T01:47:34,1
6,4,10.0,2,100000,2,2,2.3295567465711193e-10,2025-10-05T01:47:34,0
6,4,10.0,2,100000,2,2,1.776435816937265e-10,2025-10-05T01:47:34,6
6,4,10.0,2,100000,2,2,2.4303328433065707e-10,2025-10-05T01:47:34,3
6,4,10.0,2,100000,2,2,2.513351038295086e-10,2025-10-05T01:47:34,4
6,4,10.0,2,100000,2,2,5.0157113715845235e-11,2025-10-05T01:47:34,2
6,4,10.0,2,100000,2,2,5.571989849371372e-11,2025-10-05T01:47:34,8
6,4,10.0,2,100000,2,2,9.812803521722312e-11,2025-10-05T01:47:34,7
6,4,10.0,2,100000,2,2,1.254004351073632e-10,2025-10-05T01:47:34,9
6,4,10.0,2,100000,2,2,1.3143051546390132e-10,2025-10-05T01:47:34,5
6,4,10.0,2,100000,2,2,8.63578554237743e-11,2025-10-05T01:47:34,10
6,4,10.0,2,100000,2,3,1.926876302147911e-10,2025-10-05T01:47:34,0
6,4,10.0,2,100000,2,3,3.808760786247978e-10,2025-10-05T01:47:34,3
6,4,10.0,2,100000,2,3,1.9700365814348127e-10,2025-10-05T01:47:34,1
6,4,10.0,2,100000,2,3,8.899818770454352e-11,2025-10-05T01:47:34,6
6,4,10.0,2,100000,2,3,1.965822687608881e-10,2025-10-05T01:47:34,4
6,4,10.0,2,100000,2,3,1.3585698030672713e-10,2025-10-05T01:47:34,2
6,4,10.0,2,100000,2,3,2.2727257619779948e-10,2025-10-05T01:47:34,5
6,4,10.0,2,100000,2,3,2.3997364077116873e-10,2025-10-05T01:47:34,8
6,4,10.0,2,100000,2,3,2.7615846143413294e-10,2025-10-05T01:47:34,9
6,4,10.0,2,100000,2,3,1.8881572979760393e-10,2025-10-05T01:47:34,7
6,4,10.0,2,100000,2,3,1.1475830852016095e-10,2025-10-05T01:47:34,10
8,4,10.0,2,100000,2,0,2.51839181652792e-10,2025-10-05T01:47:34,6
8,4,10.0,2,100000,2,0,4.21515524973204e-10,2025-10-05T01:47:34,10
8,4,10.0,2,100000,2,0,5.221367978839934e-10,2025-10-05T01:47:34,1
8,4,10.0,2,100000,2,0,1.0419328003973525e-09,2025-10-05T01:47:34,5
8,4,10.0,2,100000,2,0,4.908505642187213e-10,2025-10-05T01:47:34,0
8,4,10.0,2,100000,2,0,4.966523099716597e-10,2025-10-05T01:47:34,9
8,4,10.0,2,100000,2,0,3.9199750697821173e-10,2025-10-05T01:47:34,7
8,4,10.0,2,100000,2,0,6.732032593269039e-10,2025-10-05T01:47:34,2
8,4,10.0,2,100000,2,0,7.274757434445471e-10,2025-10-05T01:47:34,3
8,4,10.0,2,100000,2,0,9.014617293999429e-10,2025-10-05T01:47:34,8
8,4,10.0,2,100000,2,0,3.8467425728113465e-10,2025-10-05T01:47:34,4
8,4,10.0,2,100000,2,1,6.767083670761016e-10,2025-10-05T01:47:35,6
8,4,10.0,2,100000,2,1,7.847304340383987e-10,2025-10-05T01:47:35,7
8,4,10.0,2,100000,2,1,2.6334677240177925e-10,2025-10-05T01:47:35,1
8,4,10.0,2,100000,2,1,6.185090992629805e-10,2025-10-05T01:47:35,5
8,4,10.0,2,100000,2,1,5.604571245061769e-10,2025-10-05T01:47:35,10
8,4,10.0,2,100000,2,1,3.1366653567896586e-10,2025-10-05T01:47:35,2
8,4,10.0,2,100000,2,1,6.955117344100919e-10,2025-10-05T01:47:35,0
8,4,10.0,2,100000,2,1,5.238841833099316e-10,2025-10-05T01:47:35,9
8,4,10.0,2,100000,2,1,9.782296794875739e-10,2025-10-05T01:47:35,3
8,4,10.0,2,100000,2,1,2.8161402258746014e-10,2025-10-05T01:47:35,8
8,4,10.0,2,100000,2,1,4.051182562510058e-10,2025-10-05T01:47:35,4
8,4,10.0,2,100000,2,2,1.0082152234739742e-09,2025-10-05T01:47:35,6
8,4,10.0,2,100000,2,2,3.5596245901148073e-10,2025-10-05T01:47:35,7
8,4,10.0,2,100000,2,2,5.400320186117113e-10,2025-10-05T01:47:35,10
8,4,10.0,2,100000,2,2,5.034922009543564e-10,2025-10-05T01:47:35,5
8,4,10.0,2,100000,2,2,2.6219602926208927e-10,2025-10-05T01:47:35,0
8,4,10.0,2,100000,2,2,4.0765360691114085e-10,2025-10-05T01:47:35,2
8,4,10.0,2,100000,2,2,8.381940138887043e-10,2025-10-05T01:47:35,1
8,4,10.0,2,100000,2,2,6.714027377462396e-10,2025-10-05T01:47:35,4
8,4,10.0,2,100000,2,2,4.5503129524711334e-10,2025-10-05T01:47:35,9
8,4,10.0,2,100000,2,2,5.331460724959137e-10,2025-10-05T01:47:35,8
8,4,10.0,2,100000,2,2,7.932609401478687e-10,2025-10-05T01:47:35,3
8,4,10.0,2,100000,2,3,4.675622668693552e-10,2025-10-05T01:47:36,6
8,4,10.0,2,100000,2,3,3.6461462494697537e-10,2025-10-05T01:47:36,7
8,4,10.0,2,100000,2,3,3.0835214512305937e-10,2025-10-05T01:47:36,1
8,4,10.0,2,100000,2,3,5.407345975866419e-10,2025-10-05T01:47:36,9
8,4,10.0,2,100000,2,3,4.4123644796595266e-10,2025-10-05T01:47:36,4
8,4,10.0,2,100000,2,3,2.2573328653720185e-10,2025-10-05T01:47:36,5
8,4,10.0,2,100000,2,3,8.173031791599329e-10,2025-10-05T01:47:36,10
8,4,10.0,2,100000,2,3,6.236111634095715e-10,2025-10-05T01:47:36,2
8,4,10.0,2,100000,2,3,4.686884196705103e-10,2025-10-05T01:47:36,8
8,4,10.0,2,100000,2,3,3.7347780121627134e-10,2025-10-05T01:47:36,0
8,4,10.0,2,100000,2,3,6.062871884380618e-10,2025-10-05T01:47:36,3
10,4,10.0,2,100000,2,0,1.786663380912408e-09,2025-10-05T01:47:38,4
10,4,10.0,2,100000,2,0,1.0145557881159337e-09,2025-10-05T01:47:38,1
10,4,10.0,2,100000,2,0,9.45473177057053e-10,2025-10-05T01:47:38,8
10,4,10.0,2,100000,2,0,1.232316652757713e-09,2025-10-05T01:47:38,7
10,4,10.0,2,100000,2,0,7.3191734028066e-10,2025-10-05T01:47:38,10
10,4,10.0,2,100000,2,0,1.6451217363796884e-09,2025-10-05T01:47:38,6
10,4,10.0,2,100000,2,0,1.1040091295294352e-09,2025-10-05T01:47:38,2
10,4,10.0,2,100000,2,0,1.2513094805562118e-09,2025-10-05T01:47:38,5
10,4,10.0,2,100000,2,0,1.3206051788535617e-09,2025-10-05T01:47:38,9
10,4,10.0,2,100000,2,0,4.667216530721151e-10,2025-10-05T01:47:38,3
10,4,10.0,2,100000,2,0,9.460087035953462e-10,2025-10-05T01:47:38,0
10,4,10.0,2,100000,2,1,1.2379143602780006e-09,2025-10-05T01:47:40,8
10,4,10.0,2,100000,2,1,1.4431083072748526e-09,2025-10-05T01:47:40,7
10,4,10.0,2,100000,2,1,1.34184553636328e-09,2025-10-05T01:47:40,10
10,4,10.0,2,100000,2,1,8.602699876634034e-10,2025-10-05T01:47:40,5
10,4,10.0,2,100000,2,1,2.068273643821228e-09,2025-10-05T01:47:40,1
10,4,10.0,2,100000,2,1,1.702214612647788e-09,2025-10-05T01:47:40,6
10,4,10.0,2,100000,2,1,1.7526594186962512e-09,2025-10-05T01:47:40,4
10,4,10.0,2,100000,2,1,2.342317799628089e-09,2025-10-05T01:47:40,2
10,4,10.0,2,100000,2,1,1.6006944678469771e-09,2025-10-05T01:47:40,3
10,4,10.0,2,100000,2,1,9.437026240350632e-10,2025-10-05T01:47:40,9
10,4,10.0,2,100000,2,1,1.9066876506542447e-09,2025-10-05T01:47:40,0
10,4,10.0,2,100000,2,2,1.0379632178388402e-09,2025-10-05T01:47:42,1
10,4,10.0,2,100000,2,2,3.0054382068334385e-09,2025-10-05T01:47:42,8
10,4,10.0,2,100000,2,2,7.512692498871734e-10,2025-10-05T01:47:42,10
10,4,10.0,2,100000,2,2,5.463472441099105e-10,2025-10-05T01:47:42,6
10,4,10.0,2,100000,2,2,9.411001484209538e-10,2025-10-05T01:47:42,4
10,4,10.0,2,100000,2,2,7.018837161326678e-10,2025-10-05T01:47:42,7
10,4,10.0,2,100000,2,2,1.43174846357066e-09,2025-10-05T01:47:42,5
10,4,10.0,2,100000,2,2,1.4224406921734498e-09,2025-10-05T01:47:42,2
10,4,10.0,2,100000,2,2,1.2821568254903633e-09,2025-10-05T01:47:42,3
10,4,10.0,2,100000,2,2,9.923635570689167e-10,2025-10-05T01:47:42,9
10,4,10.0,2,100000,2,2,7.039726810847354e-10,2025-10-05T01:47:42,0
10,4,10.0,2,100000,2,3,9.90454211781529e-10,2025-10-05T01:47:44,8
10,4,10.0,2,100000,2,3,1.7020559664207083e-09,2025-10-05T01:47:44,10
10,4,10.0,2,100000,2,3,6.076262144661296e-10,2025-10-05T01:47:44,1
10,4,10.0,2,100000,2,3,9.339789925913953e-10,2025-10-05T01:47:44,5
10,4,10.0,2,100000,2,3,9.357968414605768e-10,2025-10-05T01:47:44,6
10,4,10.0,2,100000,2,3,1.3105249957613343e-09,2025-10-05T01:47:44,2
10,4,10.0,2,100000,2,3,1.9821159189406445e-09,2025-10-05T01:47:44,4
10,4,10.0,2,100000,2,3,1.8121929751535965e-09,2025-10-05T01:47:44,7
10,4,10.0,2,100000,2,3,1.1696407652833105e-09,2025-10-05T01:47:44,3
10,4,10.0,2,100000,2,3,7.455037068361344e-10,2025-10-05T01:47:44,9
10,4,10.0,2,100000,2,3,1.251603238500832e-09,2025-10-05T01:47:44,0
12,4,10.0,2,100000,2,0,2.2388530711360327e-09,2025-10-05T01:47:53,3
12,4,10.0,2,100000,2,0,2.1434975465991866e-09,2025-10-05T01:47:53,0
12,4,10.0,2,100000,2,0,3.25073251545281e-09,2025-10-05T01:47:53,10
12,4,10.0,2,100000,2,0,2.3232722363274137e-09,2025-10-05T01:47:53,9
12,4,10.0,2,100000,2,0,2.746396999924285e-09,2025-10-05T01:47:53,2
12,4,10.0,2,100000,2,0,4.14421573940657e-09,2025-10-05T01:47:53,6
12,4,10.0,2,100000,2,0,2.5055172972913427e-09,2025-10-05T01:47:53,7
12,4,10.0,2,100000,2,0,2.918356932818568e-09,2025-10-05T01:47:53,5
12,4,10.0,2,100000,2,0,1.6883658886027002e-09,2025-10-05T01:47:53,4
12,4,10.0,2,100000,2,0,2.4670444411900326e-09,2025-10-05T01:47:53,1
12,4,10.0,2,100000,2,0,4.390073523554781e-09,2025-10-05T01:47:53,8
12,4,10.0,2,100000,2,1,2.1784530473238538e-09,2025-10-05T01:48:02,0
12,4,10.0,2,100000,2,1,1.8631090727661527e-09,2025-10-05T01:48:02,3
12,4,10.0,2,100000,2,1,3.26872931129016e-09,2025-10-05T01:48:02,6
12,4,10.0,2,100000,2,1,3.148902602978691e-09,2025-10-05T01:48:02,10
12,4,10.0,2,100000,2,1,2.3135757063509853e-09,2025-10-05T01:48:02,2
12,4,10.0,2,100000,2,1,1.6812089380577423e-09,2025-10-05T01:48:02,9
12,4,10.0,2,100000,2,1,3.0119571284409976e-09,2025-10-05T01:48:02,4
12,4,10.0,2,100000,2,1,1.307804324958239e-09,2025-10-05T01:48:02,7
12,4,10.0,2,100000,2,1,2.0976000587161976e-09,2025-10-05T01:48:02,5
12,4,10.0,2,100000,2,1,2.6729637949372247e-09,2025-10-05T01:48:02,1
12,4,10.0,2,100000,2,1,3.4799347349522705e-09,2025-10-05T01:48:02,8
12,4,10.0,2,100000,2,2,1.610686852584611e-09,2025-10-05T01:48:10,3
12,4,10.0,2,100000,2,2,2.5560694670219655e-09,2025-10-05T01:48:10,7
12,4,10.0,2,100000,2,2,3.808369198753826e-09,2025-10-05T01:48:10,4
12,4,10.0,2,100000,2,2,1.6803858011301104e-09,2025-10-05T01:48:10,0
12,4,10.0,2,100000,2,2,3.250966394734919e-09,2025-10-05T01:48:10,10
12,4,10.0,2,100000,2,2,3.944918189637256e-09,2025-10-05T01:48:10,1
12,4,10.0,2,100000,2,2,2.0994349833919487e-09,2025-10-05T01:48:10,2
12,4,10.0,2,100000,2,2,4.327386851871081e-09,2025-10-05T01:48:10,9
12,4,10.0,2,100000,2,2,2.3084122742688594e-09,2025-10-05T01:48:10,8
12,4,10.0,2,100000,2,2,2.2676607586661358e-09,2025-10-05T01:48:10,6
12,4,10.0,2,100000,2,2,2.9789317068215657e-09,2025-10-05T01:48:11,5
12,4,10.0,2,100000,2,3,4.701091681708046e-09,2025-10-05T01:48:19,3
12,4,10.0,2,100000,2,3,2.4385099213542656e-09,2025-10-05T01:48:19,7
12,4,10.0,2,100000,2,3,3.5270363697444703e-09,2025-10-05T01:48:19,1
12,4,10.0,2,100000,2,3,1.593439994048813e-09,2025-10-05T01:48:19,4
12,4,10.0,2,100000,2,3,2.2842328913776084e-09,2025-10-05T01:48:19,10
12,4,10.0,2,100000,2,3,3.878135946182303e-09,2025-10-05T01:48:19,0
12,4,10.0,2,100000,2,3,3.7223670042493568e-09,2025-10-05T01:48:19,2
12,4,10.0,2,100000,2,3,2.166023613284483e-09,2025-10-05T01:48:19,6
12,4,10.0,2,100000,2,3,1.2214941472884376e-09,2025-10-05T01:48:19,9
12,4,10.0,2,100000,2,3,2.3968633684891023e-09,2025-10-05T01:48:19,8
12,4,10.0,2,100000,2,3,8.249950311356311e-10,2025-10-05T01:48:19,5
14,4,10.0,2,100000,2,0,9.299219255757702e-09,2025-10-05T01:48:53,7
14,4,10.0,2,100000,2,0,4.333394188691828e-09,2025-10-05T01:48:54,3
14,4,10.0,2,100000,2,0,4.25664623152357e-09,2025-10-05T01:48:54,0
14,4,10.0,2,100000,2,0,3.7326722569930726e-09,2025-10-05T01:48:54,10
14,4,10.0,2,100000,2,0,2.597152960581135e-09,2025-10-05T01:48:54,4
14,4,10.0,2,100000,2,0,8.927845055694487e-09,2025-10-05T01:48:54,5
14,4,10.0,2,100000,2,0,5.2687680634456765e-09,2025-10-05T01:48:54,2
14,4,10.0,2,100000,2,0,5.2580457037336934e-09,2025-10-05T01:48:54,9
14,4,10.0,2,100000,2,0,4.6348570816499284e-09,2025-10-05T01:48:54,8
14,4,10.0,2,100000,2,0,3.5441694373083764e-09,2025-10-05T01:48:55,6
14,4,10.0,2,100000,2,0,6.911062505136241e-09,2025-10-05T01:48:55,1
14,4,10.0,2,100000,2,1,3.1034085902334828e-09,2025-10-05T01:49:28,7
14,4,10.0,2,100000,2,1,4.322059821051455e-09,2025-10-05T01:49:28,3
14,4,10.0,2,100000,2,1,5.974536607837556e-09,2025-10-05T01:49:28,2
14,4,10.0,2,100000,2,1,3.3279248308529502e-09,2025-10-05T01:49:28,4
14,4,10.0,2,100000,2,1,3.663017492807296e-09,2025-10-05T01:49:28,0
14,4,10.0,2,100000,2,1,5.675671662096032e-09,2025-10-05T01:49:28,9
14,4,10.0,2,100000,2,1,6.161812038813603e-09,2025-10-05T01:49:29,10
14,4,10.0,2,100000,2,1,5.744766897790624e-09,2025-10-05T01:49:29,6
14,4,10.0,2,100000,2,1,4.431482652025024e-09,2025-10-05T01:49:29,8
14,4,10.0,2,100000,2,1,3.950037531338856e-09,2025-10-05T01:49:29,5
14,4,10.0,2,100000,2,1,7.283126078708053e-09,2025-10-05T01:49:30,1
14,4,10.0,2,100000,2,2,2.9113109713015728e-09,2025-10-05T01:50:03,3
14,4,10.0,2,100000,2,2,4.870606028970801e-09,2025-10-05T01:50:03,7
14,4,10.0,2,100000,2,2,5.141406861860078e-09,2025-10-05T01:50:03,0
14,4,10.0,2,100000,2,2,8.739574969299312e-09,2025-10-05T01:50:03,4
14,4,10.0,2,100000,2,2,3.758913806787428e-09,2025-10-05T01:50:03,2
14,4,10.0,2,100000,2,2,6.7632265710512504e-09,2025-10-05T01:50:04,9
14,4,10.0,2,100000,2,2,6.75495121975572e-09,2025-10-05T01:50:04,6
14,4,10.0,2,100000,2,2,1.9793094908683956e-09,2025-10-05T01:50:04,10
14,4,10.0,2,100000,2,2,5.788196555119532e-09,2025-10-05T01:50:04,8
14,4,10.0,2,100000,2,2,7.067480876958088e-09,2025-10-05T01:50:04,5
14,4,10.0,2,100000,2,2,4.785782247056566e-09,2025-10-05T01:50:04,1
14,4,10.0,2,100000,2,3,7.047054432675597e-09,2025-10-05T01:50:38,3
14,4,10.0,2,100000,2,3,6.271439930793471e-09,2025-10-05T01:50:38,7
14,4,10.0,2,100000,2,3,3.6644430513865677e-09,2025-10-05T01:50:39,4
14,4,10.0,2,100000,2,3,3.965639258171023e-09,2025-10-05T01:50:39,9
14,4,10.0,2,100000,2,3,8.708929373587385e-09,2025-10-05T01:50:39,2
14,4,10.0,2,100000,2,3,5.102816568354887e-09,2025-10-05T01:50:39,0
14,4,10.0,2,100000,2,3,8.590596600300383e-09,2025-10-05T01:50:39,6
14,4,10.0,2,100000,2,3,4.583049469082495e-09,2025-10-05T01:50:39,1
14,4,10.0,2,100000,2,3,6.1891936968845265e-09,2025-10-05T01:50:39,10
14,4,10.0,2,100000,2,3,5.2880118335211705e-09,2025-10-05T01:50:39,8
14,4,10.0,2,100000,2,3,8.623219111257276e-09,2025-10-05T01:50:39,5
16,4,10.0,2,100000,2,0,8.709711822819831e-09,2025-10-05T01:52:58,0
16,4,10.0,2,100000,2,0,7.674403770688191e-09,2025-10-05T01:52:59,6
16,4,10.0,2,100000,2,0,1.011274281897251e-08,2025-10-05T01:52:59,7
16,4,10.0,2,100000,2,0,1.0700793621599591e-08,2025-10-05T01:52:59,4
16,4,10.0,2,100000,2,0,7.374217980100974e-09,2025-10-05T01:52:59,8
16,4,10.0,2,100000,2,0,8.001307508234977e-09,2025-10-05T01:52:59,9
16,4,10.0,2,100000,2,0,1.3159121488240079e-08,2025-10-05T01:52:59,5
16,4,10.0,2,100000,2,0,1.1913861164724617e-08,2025-10-05T01:53:00,3
16,4,10.0,2,100000,2,0,8.297914870111386e-09,2025-10-05T01:53:00,10
16,4,10.0,2,100000,2,0,1.510602749475012e-08,2025-10-05T01:53:00,1
16,4,10.0,2,100000,2,0,1.0787678049793939e-08,2025-10-05T01:53:01,2
16,4,10.0,2,100000,2,1,1.0221428390264687e-08,2025-10-05T01:55:26,10
16,4,10.0,2,100000,2,1,4.935140648899497e-09,2025-10-05T01:55:27,4
16,4,10.0,2,100000,2,1,1.115571237546578e-08,2025-10-05T01:55:27,0
16,4,10.0,2,100000,2,1,1.2675164981980731e-08,2025-10-05T01:55:27,6
16,4,10.0,2,100000,2,1,1.0072373618680047e-08,2025-10-05T01:55:27,7
16,4,10.0,2,100000,2,1,9.576614185071294e-09,2025-10-05T01:55:27,9
16,4,10.0,2,100000,2,1,9.255012797156029e-09,2025-10-05T01:55:27,8
16,4,10.0,2,100000,2,1,1.3168097340451482e-08,2025-10-05T01:55:28,5
16,4,10.0,2,100000,2,1,8.475006286749008e-09,2025-10-05T01:55:28,1
16,4,10.0,2,100000,2,1,8.586586984644888e-09,2025-10-05T01:55:28,3
16,4,10.0,2,100000,2,1,1.983520058422313e-08,2025-10-05T01:55:30,2
16,4,10.0,2,100000,2,2,1.1472486820022512e-08,2025-10-05T01:57:58,6
16,4,10.0,2,100000,2,2,9.605155147576283e-09,2025-10-05T01:57:58,10
16,4,10.0,2,100000,2,2,1.219929673190374e-08,2025-10-05T01:57:58,9
16,4,10.0,2,100000,2,2,1.1418643459398889e-08,2025-10-05T01:57:58,7
16,4,10.0,2,100000,2,2,7.699731667443819e-09,2025-10-05T01:57:59,5
16,4,10.0,2,100000,2,2,1.4777171922161557e-08,2025-10-05T01:57:59,0
16,4,10.0,2,100000,2,2,1.3172497144485805e-08,2025-10-05T01:57:59,4
16,4,10.0,2,100000,2,2,1.3723396264420848e-08,2025-10-05T01:58:00,8
16,4,10.0,2,100000,2,2,8.660321969512122e-09,2025-10-05T01:58:01,3
16,4,10.0,2,100000,2,2,1.1434774516448009e-08,2025-10-05T01:58:01,1
16,4,10.0,2,100000,2,2,5.846971409169214e-09,2025-10-05T01:58:02,2
16,4,10.0,2,100000,2,3,9.027981881798247e-09,2025-10-05T02:00:28,7
16,4,10.0,2,100000,2,3,7.523992532907684e-09,2025-10-05T02:00:29,6
16,4,10.0,2,100000,2,3,7.22627072794868e-09,2025-10-05T02:00:29,10
16,4,10.0,2,100000,2,3,1.806211577722207e-08,2025-10-05T02:00:29,9
16,4,10.0,2,100000,2,3,9.60597516500702e-09,2025-10-05T02:00:30,5
16,4,10.0,2,100000,2,3,9.757082028497473e-09,2025-10-05T02:00:30,4
16,4,10.0,2,100000,2,3,9.204820634921236e-09,2025-10-05T02:00:30,0
16,4,10.0,2,100000,2,3,1.3708795697639364e-08,2025-10-05T02:00:31,3
16,4,10.0,2,100000,2,3,1.0703091943341266e-08,2025-10-05T02:00:31,8
16,4,10.0,2,100000,2,3,4.486540041829071e-09,2025-10-05T02:00:31,1
16,4,10.0,2,100000,2,3,8.706217801671572e-09,2025-10-05T02:00:32,2
18,4,10.0,2,100000,2,0,1.2430098861249362e-08,2025-10-05T02:11:07,7
18,4,10.0,2,100000,2,0,2.4615157406038507e-08,2025-10-05T02:11:08,0
18,4,10.0,2,100000,2,0,3.865381354436976e-08,2025-10-05T02:11:13,5
18,4,10.0,2,100000,2,0,4.180028643597287e-08,2025-10-05T02:11:13,3
18,4,10.0,2,100000,2,0,6.387335200525881e-09,2025-10-05T02:11:16,6
18,4,10.0,2,100000,2,0,2.852888252006471e-08,2025-10-05T02:11:19,9
18,4,10.0,2,100000,2,0,3.1104991786742744e-08,2025-10-05T02:11:22,4
18,4,10.0,2,100000,2,0,2.4280620240656025e-08,2025-10-05T02:11:22,1
18,4,10.0,2,100000,2,0,2.16847696698308e-08,2025-10-05T02:11:22,2
18,4,10.0,2,100000,2,0,1.5131718805843385e-08,2025-10-05T02:11:23,8
18,4,10.0,2,100000,2,0,1.3623319796886593e-08,2025-10-05T02:11:24,10
18,4,10.0,2,100000,2,1,2.753369573318909e-08,2025-10-05T02:21:20,3
18,4,10.0,2,100000,2,1,1.4729610915766356e-08,2025-10-05T02:21:23,7
18,4,10.0,2,100000,2,1,1.5081780560732885e-08,2025-10-05T02:21:36,5
18,4,10.0,2,100000,2,1,1.1642988069117735e-08,2025-10-05T02:21:43,0
18,4,10.0,2,100000,2,1,1.74783629787768e-08,2025-10-05T02:21:44,6
18,4,10.0,2,100000,2,1,1.9174285219659957e-08,2025-10-05T02:21:45,4
18,4,10.0,2,100000,2,1,1.1299021420252094e-08,2025-10-05T02:21:57,9
18,4,10.0,2,100000,2,1,2.132064429797172e-08,2025-10-05T02:22:03,1
18,4,10.0,2,100000,2,1,2.3337778882428554e-08,2025-10-05T02:22:03,2
18,4,10.0,2,100000,2,1,1.94540137619939e-08,2025-10-05T02:22:03,10
18,4,10.0,2,100000,2,1,4.2772127470001984e-08,2025-10-05T02:22:04,8
18,4,10.0,2,100000,2,2,1.8991071516357023e-08,2025-10-05T02:31:53,3
18,4,10.0,2,100000,2,2,2.2595941219438457e-08,2025-10-05T02:31:58,7
18,4,10.0,2,100000,2,2,9.151084619646824e-09,2025-10-05T02:32:02,0
18,4,10.0,2,100000,2,2,1.9857407171459262e-08,2025-10-05T02:32:11,5
18,4,10.0,2,100000,2,2,3.918147222315834e-08,2025-10-05T02:32:11,4
18,4,10.0,2,100000,2,2,2.2758235485884902e-08,2025-10-05T02:32:15,6
18,4,10.0,2,100000,2,2,1.5757982960760394e-08,2025-10-05T02:32:19,1
18,4,10.0,2,100000,2,2,1.5210559509736806e-08,2025-10-05T02:32:20,9
18,4,10.0,2,100000,2,2,1.6102835214772862e-08,2025-10-05T02:32:25,10
18,4,10.0,2,100000,2,2,3.106922768141201e-08,2025-10-05T02:32:31,8
18,4,10.0,2,100000,2,2,1.2277710799035719e-08,2025-10-05T02:32:31,2
18,4,10.0,2,100000,2,3,1.8755607274831523e-08,2025-10-05T02:42:22,3
18,4,10.0,2,100000,2,3,1.3098255759212789e-08,2025-10-05T02:42:24,7
18,4,10.0,2,100000,2,3,2.056252674305271e-08,2025-10-05T02:42:25,0
18,4,10.0,2,100000,2,3,4.535443995634668e-08,2025-10-05T02:42:29,5
18,4,10.0,2,100000,2,3,2.4389238419419958e-08,2025-10-05T02:42:36,4
18,4,10.0,2,100000,2,3,4.997842761326201e-08,2025-10-05T02:42:36,6
18,4,10.0,2,100000,2,3,3.171506230792854e-08,2025-10-05T02:42:37,9
18,4,10.0,2,100000,2,3,1.633640287476008e-08,2025-10-05T02:42:39,1
18,4,10.0,2,100000,2,3,2.8841295206599437e-08,2025-10-05T02:42:41,10
18,4,10.0,2,100000,2,3,1.4084166367256632e-08,2025-10-05T02:42:43,8
18,4,10.0,2,100000,2,3,1.1399231503480572e-08,2025-10-05T02:42:43,2
